8000
999 0
996 0
998 1
996 2
998 3
996 3
998 4
996 5
998 6
996 7
998 7
996 8
998 9
996 10
998 10
996 11
998 12
996 13
998 14
996 14
998 15
996 16
998 17
996 18
998 18
996 19
998 20
996 21
998 21
996 22
998 23
996 24
998 25
996 25
998 26
996 27
998 28
996 28
998 29
996 30
998 31
996 32
998 32
996 33
998 34
996 35
998 36
996 36
998 37
996 38
998 39
996 39
998 40
996 41
998 42
996 43
998 43
996 44
997 45
995 46
997 47
995 47
997 48
995 49
997 50
995 50
997 51
995 52
997 53
995 54
997 54
995 55
997 56
995 57
997 58
995 58
997 59
995 60
997 61
995 61
997 62
994 63
996 64
994 64
996 65
994 66
996 67
994 68
996 68
994 69
996 70
994 71
996 72
994 72
996 73
994 74
996 75
994 75
996 76
993 77
995 78
993 79
995 79
993 80
995 81
993 82
995 83
993 83
995 84
993 85
995 86
993 86
995 87
993 88
994 89
992 89
994 90
992 91
994 92
992 93
994 94
992 94
994 95
992 96
994 97
992 97
994 98
992 99
993 100
991 100
993 101
991 102
993 103
991 103
993 104
991 105
993 106
991 107
993 108
991 108
992 109
990 110
992 111
990 111
992 112
990 113
992 114
990 114
992 115
990 116
992 117
989 117
991 118
989 119
991 120
989 121
991 122
989 122
991 123
989 124
991 125
989 125
990 126
988 127
990 128
988 128
990 129
988 130
990 131
988 131
990 132
988 133
989 134
987 135
989 136
987 136
989 137
987 138
989 139
987 139
989 140
986 141
988 142
986 142
988 143
986 144
988 145
986 145
988 146
986 147
987 148
985 149
987 150
985 150
987 151
985 152
987 153
985 153
986 154
984 155
986 156
984 156
986 157
984 158
986 159
984 159
985 160
983 161
985 162
983 162
985 164
983 164
985 165
983 166
984 167
982 167
984 168
982 169
984 170
982 170
984 171
982 172
983 173
981 173
983 174
981 175
983 176
981 176
983 177
980 178
982 179
980 179
982 181
980 181
982 182
980 182
981 184
979 184
981 185
979 186
981 187
979 187
981 188
978 189
980 190
978 190
980 191
978 192
980 193
977 193
979 194
977 195
979 196
977 196
979 197
977 198
978 199
976 199
978 201
976 201
978 202
976 202
977 204
975 204
977 205
975 206
977 207
975 207
976 208
974 209
976 210
974 210
976 211
974 212
975 213
973 213
975 214
973 215
975 216
973 216
974 217
972 218
974 219
972 219
974 220
972 221
973 222
971 222
973 224
971 224
973 225
971 225
972 227
970 227
972 228
970 228
972 230
969 230
971 231
969 231
971 233
969 233
971 234
968 235
970 236
968 236
970 237
968 238
969 239
967 239
969 240
967 241
969 242
967 242
968 243
966 244
968 245
966 245
968 246
965 247
967 248
965 248
967 249
965 250
966 251
964 251
966 252
964 253
966 254
963 254
965 256
963 256
965 257
963 257
964 259
962 259
964 260
962 260
964 262
961 262
963 263
961 263
963 265
961 265
962 266
960 266
962 268
960 268
961 269
959 269
961 271
959 271
961 272
958 272
960 274
958 274
960 275
958 275
959 277
957 277
959 278
957 278
958 280
956 280
958 281
956 281
958 283
955 283
957 284
955 284
957 286
954 286
956 287
954 287
956 289
954 289
955 290
953 290
955 292
953 292
954 293
952 293
954 295
952 295
953 296
951 296
953 298
951 298
952 299
950 299
952 301
950 301
952 302
949 302
951 304
949 304
951 305
948 305
950 307
948 307
950 308
947 308
949 310
947 310
949 311
946 311
948 313
946 313
948 314
946 314
947 316
945 316
947 317
945 317
946 319
944 319
946 320
944 320
945 322
943 322
945 323
942 323
944 325
942 325
944 326
941 326
943 328
941 328
943 329
940 329
942 331
940 331
942 332
939 332
941 333
939 334
940 335
938 335
940 336
938 336
939 338
937 338
939 339
937 339
938 341
936 341
938 342
936 342
937 344
935 344
937 345
935 345
936 347
934 347
936 348
934 348
935 350
933 350
935 351
932 351
934 353
932 353
933 354
931 354
933 356
931 356
932 357
930 357
932 358
930 358
931 360
929 360
931 361
928 361
930 363
928 363
929 364
927 364
929 366
927 366
928 367
926 367
928 369
926 369
927 370
925 370
927 372
924 372
926 373
924 373
925 375
923 375
925 376
923 376
924 377
922 377
924 379
922 379
923 380
921 380
922 382
920 382
922 383
920 383
921 385
919 385
921 386
918 386
920 388
918 388
919 389
917 389
919 390
917 390
918 392
916 392
918 393
915 393
917 395
915 395
916 396
914 396
916 398
914 398
915 399
913 399
914 401
912 400
914 402
912 402
913 403
911 403
913 405
910 405
912 406
910 406
911 408
909 408
911 409
908 409
910 411
908 410
909 412
907 412
909 413
907 413
908 415
906 415
907 416
905 416
907 418
905 418
906 419
904 419
905 421
903 420
905 422
903 422
904 423
902 423
903 425
901 425
903 426
901 426
902 428
900 428
901 429
899 429
901 431
899 430
900 432
898 432
899 433
897 433
899 435
897 435
898 436
896 436
897 438
895 437
897 439
894 439
896 440
894 440
895 442
893 442
895 443
892 443
894 445
892 444
893 446
891 446
892 447
890 447
892 449
890 449
891 450
889 450
890 452
888 451
890 453
887 453
889 454
887 454
888 456
886 456
887 457
885 457
887 459
885 458
886 460
884 460
885 461
883 461
885 463
882 463
884 464
882 464
883 466
881 465
882 467
880 467
882 468
880 468
881 470
879 469
880 471
878 471
879 472
877 472
879 474
877 474
878 475
876 475
877 477
875 476
876 478
874 478
876 479
874 479
875 481
873 480
874 482
872 482
873 484
871 483
873 485
871 485
872 486
870 486
871 488
869 487
870 489
868 489
870 490
867 490
869 492
867 491
868 493
866 493
867 494
865 494
866 496
864 496
866 497
864 497
865 499
863 498
864 500
862 500
863 501
861 501
863 503
860 502
862 504
860 504
861 505
859 505
860 507
858 506
859 508
857 508
859 509
856 509
858 511
856 510
857 512
855 512
856 513
854 513
855 515
853 514
855 516
852 516
854 517
852 517
853 519
851 518
852 520
850 520
851 521
849 521
850 523
848 522
850 524
848 524
849 525
847 525
848 527
846 526
847 528
845 528
846 529
844 529
845 531
843 530
845 532
843 532
844 533
842 533
843 535
841 534
842 536
840 536
841 537
839 537
840 539
838 538
840 540
837 540
839 541
837 541
838 543
836 542
837 544
835 544
836 545
834 545
835 547
833 546
834 548
832 548
834 549
832 549
833 551
831 550
832 552
830 551
831 553
829 553
830 555
828 554
829 556
827 555
828 557
826 557
828 558
825 558
827 560
825 559
826 561
824 561
825 562
823 562
824 564
822 563
823 565
821 564
822 566
820 566
821 567
819 567
820 569
818 568
820 570
817 570
819 571
817 571
818 573
816 572
817 574
815 573
816 575
814 575
815 576
813 576
814 578
812 577
813 579
811 579
812 580
810 580
811 582
809 581
810 583
808 582
810 584
807 584
809 585
807 585
808 587
806 586
807 588
805 587
806 589
804 589
805 590
803 590
804 592
802 591
803 593
801 592
802 594
800 594
801 596
799 595
800 597
798 596
799 598
797 597
798 599
796 599
797 601
795 600
796 602
794 601
796 603
793 602
795 604
793 604
794 606
792 605
793 607
791 606
792 608
790 607
791 609
789 609
790 611
788 610
789 612
787 611
788 613
786 612
787 614
785 614
786 616
784 615
785 617
783 616
784 618
782 617
783 619
781 619
782 620
780 620
781 622
779 621
780 623
778 622
779 624
777 623
778 625
776 625
777 627
775 626
776 628
774 627
775 629
773 628
774 630
772 630
773 631
771 631
772 633
770 632
771 634
769 633
770 635
768 634
769 636
767 636
768 637
766 637
767 639
765 638
766 640
764 639
765 641
763 640
764 642
762 642
763 644
761 643
762 645
760 644
761 646
759 645
760 647
758 646
759 648
757 648
758 649
756 649
757 651
755 650
756 652
754 651
755 653
753 652
754 654
752 654
753 655
751 655
752 657
750 656
751 658
749 657
750 659
748 658
749 660
747 659
748 661
746 661
747 663
745 662
746 664
744 663
745 665
743 664
744 666
742 665
743 667
741 666
742 668
740 668
741 670
738 669
739 671
737 670
738 672
736 671
737 673
735 672
736 674
734 673
735 675
733 675
734 676
732 676
733 678
731 677
732 679
730 678
731 680
729 679
730 681
728 680
729 682
727 681
728 683
726 683
727 685
725 684
726 686
724 685
725 687
723 686
723 688
721 687
722 689
720 688
721 690
719 689
720 691
718 691
719 692
717 692
718 694
716 693
717 695
715 694
716 696
714 695
715 697
713 696
714 698
712 697
713 699
711 698
711 700
709 699
710 701
708 701
709 703
707 702
708 704
706 703
707 705
705 704
706 706
704 705
705 707
703 706
704 708
702 707
703 709
701 708
701 710
699 709
700 711
698 711
699 713
697 712
698 714
696 713
697 715
695 714
696 716
694 715
695 717
693 716
694 718
692 717
692 719
691 718
691 720
689 719
690 721
688 720
689 722
687 721
688 723
686 723
687 725
685 724
686 726
684 725
685 727
683 726
683 728
681 727
682 729
680 728
681 730
679 729
680 731
678 730
679 732
677 731
678 733
676 732
676 734
675 733
675 735
673 734
674 736
672 735
673 737
671 736
672 738
670 737
671 739
669 738
670 741
668 740
668 742
666 741
667 743
665 742
666 744
664 743
665 745
663 744
664 746
662 745
663 747
661 746
661 748
659 747
660 749
658 748
659 750
657 749
658 751
656 750
657 752
655 751
655 753
654 752
654 754
652 753
653 755
651 754
652 756
650 755
651 757
649 756
649 758
648 757
648 759
646 758
647 760
645 759
646 761
644 760
645 762
643 761
644 763
642 762
642 764
640 763
641 765
639 764
640 766
638 765
639 767
637 766
637 768
636 767
636 769
634 768
635 770
633 769
634 771
632 770
633 772
631 771
631 773
630 772
630 774
628 773
629 775
627 774
628 776
626 775
627 777
625 776
625 778
623 777
624 779
622 778
623 780
621 779
622 781
620 780
620 782
619 781
619 783
617 782
618 784
616 783
617 785
615 784
616 786
614 785
614 787
612 786
613 788
611 787
612 789
610 788
611 790
609 789
609 791
607 790
608 792
606 791
607 793
605 792
606 794
604 793
604 795
602 793
603 796
601 794
602 796
600 795
601 797
599 796
599 798
597 797
598 799
596 798
597 800
595 799
596 801
594 800
594 802
592 801
593 803
591 802
592 804
590 803
590 805
589 804
589 806
587 805
588 807
586 806
587 808
585 807
585 809
584 807
584 810
582 808
583 810
581 809
582 811
580 810
580 812
579 811
579 813
577 812
578 814
576 813
576 815
575 814
575 816
573 815
574 817
572 816
573 818
571 817
571 819
570 817
570 820
568 818
569 820
567 819
567 821
566 820
566 822
564 821
565 823
563 822
564 824
562 823
562 825
561 824
561 826
559 825
560 827
558 825
558 828
557 826
557 828
555 827
556 829
554 828
555 830
553 829
553 831
551 830
552 832
550 831
551 833
549 832
549 834
548 832
548 834
546 833
547 835
545 834
545 836
544 835
544 837
542 836
543 838
541 837
541 839
540 837
540 840
538 838
539 840
537 839
537 841
536 840
536 842
534 841
535 843
533 842
533 844
532 843
532 845
530 843
531 845
529 844
529 846
528 845
528 847
526 846
527 848
525 847
525 849
524 848
524 850
522 848
523 850
521 849
521 851
520 850
520 852
518 851
519 853
517 852
517 854
516 852
516 855
514 853
515 855
513 854
513 856
512 855
512 857
510 856
511 858
509 856
509 859
508 857
508 859
506 858
507 860
505 859
505 861
504 860
504 862
502 860
503 863
501 861
501 863
500 862
500 864
498 863
499 865
497 864
497 866
496 864
496 866
494 865
494 867
493 866
493 868
491 867
492 869
490 867
490 870
489 868
489 870
487 869
488 871
486 870
486 872
485 871
485 873
483 871
484 873
482 872
482 874
480 873
481 875
479 874
479 876
478 874
478 876
476 875
477 877
475 876
475 878
474 877
474 879
472 877
472 879
471 878
471 880
469 879
470 881
468 880
468 882
467 880
467 882
465 881
466 883
464 882
464 884
463 882
463 885
461 883
461 885
460 884
460 886
458 885
459 887
457 885
457 887
456 886
456 888
454 887
454 889
453 887
453 890
451 888
452 890
450 889
450 891
449 890
449 892
447 890
447 892
446 891
446 893
444 892
445 894
443 892
443 895
442 893
442 895
440 894
440 896
439 894
439 897
437 895
438 897
436 896
436 898
435 897
435 899
433 897
433 899
432 898
432 900
430 899
431 901
429 899
429 901
428 900
428 902
426 901
426 903
425 901
425 903
423 902
423 904
422 903
422 905
420 903
421 905
419 904
419 906
418 905
418 907
416 905
416 907
415 906
415 908
413 907
413 909
412 907
412 909
410 908
411 910
409 908
409 911
408 909
408 911
406 910
406 912
405 910
405 913
403 911
403 913
402 912
402 914
400 912
401 914
399 913
399 915
398 914
398 916
396 914
396 916
395 915
395 917
393 915
393 918
392 916
392 918
390 917
390 919
389 917
389 919
388 918
388 920
386 918
386 921
385 919
385 921
383 920
383 922
382 920
382 922
380 921
380 923
379 922
379 924
377 922
377 924
376 923
376 925
375 923
375 925
373 924
373 926
372 924
372 927
370 925
370 927
369 926
369 928
367 926
367 928
366 927
366 929
364 927
364 929
363 928
363 930
361 928
361 931
360 929
360 931
358 930
358 932
357 930
357 932
356 931
356 933
354 931
354 933
353 932
353 934
351 932
351 935
350 933
350 935
348 934
348 936
347 934
347 936
345 935
345 937
344 935
344 937
342 936
342 938
341 936
341 938
339 937
339 939
338 937
338 939
336 938
336 940
335 938
335 940
334 939
333 941
332 939
332 942
331 940
331 942
329 940
329 943
328 941
328 943
326 941
326 944
325 942
325 944
323 942
323 945
322 943
322 945
320 944
320 946
319 944
319 946
317 945
317 947
316 945
316 947
314 946
314 948
313 946
313 948
311 946
311 949
310 947
310 949
308 947
308 950
307 948
307 950
305 948
305 951
304 949
304 951
302 949
302 952
301 950
301 952
299 950
299 952
298 951
298 953
296 951
296 953
295 952
295 954
293 952
293 954
292 953
292 955
290 953
290 955
289 954
289 956
287 954
287 956
286 954
286 957
284 955
284 957
283 955
283 958
281 956
281 958
280 956
280 958
278 957
278 959
277 957
277 959
275 958
275 960
274 958
274 960
272 958
272 961
271 959
271 961
269 959
269 961
268 960
268 962
266 960
266 962
265 961
265 963
263 961
263 963
262 961
262 964
260 962
260 964
259 962
259 964
257 963
257 965
256 963
256 965
254 963
254 966
253 964
252 966
251 964
251 966
250 965
249 967
248 965
248 967
247 965
246 968
245 966
245 968
244 966
243 968
242 967
242 969
241 967
240 969
239 967
239 969
238 968
237 970
236 968
236 970
235 968
234 971
233 969
233 971
231 969
231 971
230 969
230 972
228 970
228 972
227 970
227 972
225 971
225 973
224 971
224 973
222 971
222 973
221 972
220 974
219 972
219 974
218 972
217 974
216 973
216 975
215 973
214 975
213 973
213 975
212 974
211 976
210 974
210 976
209 974
208 976
207 975
207 977
206 975
205 977
204 975
204 977
202 976
202 978
201 976
201 978
199 976
199 978
198 977
197 979
196 977
196 979
195 977
194 979
193 977
193 980
192 978
191 980
190 978
190 980
189 978
188 981
187 979
187 981
186 979
185 981
184 979
184 981
182 980
182 982
181 980
181 982
179 980
179 982
178 980
177 983
176 981
176 983
175 981
174 983
173 981
173 983
172 982
171 984
170 982
170 984
169 982
168 984
167 982
167 984
166 983
165 985
164 983
164 985
162 983
162 985
161 983
160 985
159 984
159 986
158 984
157 986
156 984
156 986
155 984
154 986
153 985
153 987
152 985
151 987
150 985
150 987
149 985
148 987
147 986
146 988
145 986
145 988
144 986
143 988
142 986
142 988
141 986
140 989
139 987
139 989
138 987
137 989
136 987
136 989
135 987
134 989
133 988
132 990
131 988
131 990
130 988
129 990
128 988
128 990
127 988
126 990
125 989
125 991
124 989
123 991
122 989
122 991
121 989
120 991
119 989
118 991
117 989
117 992
116 990
115 992
114 990
114 992
113 990
112 992
111 990
111 992
110 990
109 992
108 991
108 993
107 991
106 993
105 991
104 993
103 991
103 993
102 991
101 993
100 991
100 993
99 992
98 994
97 992
97 994
96 992
95 994
94 992
94 994
93 992
92 994
91 992
90 994
89 992
89 994
88 993
87 995
86 993
86 995
85 993
84 995
83 993
83 995
82 993
81 995
80 993
79 995
79 993
78 995
77 993
76 996
75 994
75 996
74 994
73 996
72 994
72 996
71 994
70 996
69 994
68 996
68 994
67 996
66 994
65 996
64 994
64 996
63 994
62 997
61 995
61 997
60 995
59 997
58 995
58 997
57 995
56 997
55 995
54 997
54 995
53 997
52 995
51 997
50 995
50 997
49 995
48 997
47 995
47 997
46 995
45 997
44 996
43 998
43 996
42 998
41 996
40 998
39 996
39 998
38 996
37 998
36 996
36 998
35 996
34 998
33 996
32 998
32 996
31 998
30 996
29 998
28 996
28 998
27 996
26 998
25 996
25 998
24 996
23 998
22 996
21 998
21 996
20 998
19 996
18 998
18 996
17 998
16 996
15 998
14 996
14 998
13 996
12 998
11 996
10 998
10 996
9 998
8 996
7 998
7 996
6 998
5 996
4 998
3 996
3 998
2 996
1 998
0 996
0 999
-1 996
-2 998
-3 996
-4 998
-4 996
-5 998
-6 996
-7 998
-8 996
-8 998
-9 996
-10 998
-11 996
-11 998
-12 996
-13 998
-14 996
-15 998
-15 996
-16 998
-17 996
-18 998
-19 996
-19 998
-20 996
-21 998
-22 996
-22 998
-23 996
-24 998
-25 996
-26 998
-26 996
-27 998
-28 996
-29 998
-29 996
-30 998
-31 996
-32 998
-33 996
-33 998
-34 996
-35 998
-36 996
-37 998
-37 996
-38 998
-39 996
-40 998
-40 996
-41 998
-42 996
-43 998
-44 996
-44 998
-45 996
-46 997
-47 995
-48 997
-48 995
-49 997
-50 995
-51 997
-51 995
-52 997
-53 995
-54 997
-55 995
-55 997
-56 995
-57 997
-58 995
-59 997
-59 995
-60 997
-61 995
-62 997
-62 995
-63 997
-64 994
-65 996
-65 994
-66 996
-67 994
-68 996
-69 994
-69 996
-70 994
-71 996
-72 994
-73 996
-73 994
-74 996
-75 994
-76 996
-76 994
-77 996
-78 993
-79 995
-80 993
-80 995
-81 993
-82 995
-83 993
-84 995
-84 993
-85 995
-86 993
-87 995
-87 993
-88 995
-89 993
-90 994
-90 992
-91 994
-92 992
-93 994
-94 992
-95 994
-95 992
-96 994
-97 992
-98 994
-98 992
-99 994
-100 992
-101 993
-101 991
-102 993
-103 991
-104 993
-104 991
-105 993
-106 991
-107 993
-108 991
-109 993
-109 991
-110 992
-111 990
-112 992
-112 990
-113 992
-114 990
-115 992
-115 990
-116 992
-117 990
-118 992
-118 989
-119 991
-120 989
-121 991
-122 989
-123 991
-123 989
-124 991
-125 989
-126 991
-126 989
-127 990
-128 988
-129 990
-129 988
-130 990
-131 988
-132 990
-132 988
-133 990
-134 988
-135 989
-136 987
-137 989
-137 987
-138 989
-139 987
-140 989
-140 987
-141 989
-142 986
-143 988
-143 986
-144 988
-145 986
-146 988
-146 986
-147 988
-148 986
-149 987
-150 985
-151 987
-151 985
-152 987
-153 985
-154 987
-154 985
-155 986
-156 984
-157 986
-157 984
-158 986
-159 984
-160 986
-160 984
-161 985
-162 983
-163 985
-163 983
-165 985
-165 983
-166 985
-167 983
-168 984
-168 982
-169 984
-170 982
-171 984
-171 982
-172 984
-173 982
-174 983
-174 981
-175 983
-176 981
-177 983
-177 981
-178 983
-179 980
-180 982
-180 980
-182 982
-182 980
-183 982
-183 980
-185 981
-185 979
-186 981
-187 979
-188 981
-188 979
-189 981
-190 978
-191 980
-191 978
-192 980
-193 978
-194 980
-194 977
-195 979
-196 977
-197 979
-197 977
-198 979
-199 977
-200 978
-200 976
-202 978
-202 976
-203 978
-203 976
-205 977
-205 975
-206 977
-207 975
-208 977
-208 975
-209 976
-210 974
-211 976
-211 974
-212 976
-213 974
-214 975
-214 973
-215 975
-216 973
-217 975
-217 973
-218 974
-219 972
-220 974
-220 972
-221 974
-222 972
-223 973
-223 971
-225 973
-225 971
-226 973
-226 971
-228 972
-228 970
-229 972
-229 970
-231 972
-231 969
-232 971
-232 969
-234 971
-234 969
-235 971
-236 968
-237 970
-237 968
-238 970
-239 968
-240 969
-240 967
-241 969
-242 967
-243 969
-243 967
-244 968
-245 966
-246 968
-246 966
-247 968
-248 965
-249 967
-249 965
-250 967
-251 965
-252 966
-252 964
-253 966
-254 964
-255 966
-255 963
-257 965
-257 963
-258 965
-258 963
-260 964
-260 962
-261 964
-261 962
-263 964
-263 961
-264 963
-264 961
-266 963
-266 961
-267 962
-267 960
-269 962
-269 960
-270 961
-270 959
-272 961
-272 959
-273 961
-273 958
-275 960
-275 958
-276 960
-276 958
-278 959
-278 957
-279 959
-279 957
-281 958
-281 956
-282 958
-282 956
-284 958
-284 955
-285 957
-285 955
-287 957
-287 954
-288 956
-288 954
-290 956
-290 954
-291 955
-291 953
-293 955
-293 953
-294 954
-294 952
-296 954
-296 952
-297 953
-297 951
-299 953
-299 951
-300 952
-300 950
-302 952
-302 950
-303 952
-303 949
-305 951
-305 949
-306 951
-306 948
-308 950
-308 948
-309 950
-309 947
-311 949
-311 947
-312 949
-312 946
-314 948
-314 946
-315 948
-315 946
-317 947
-317 945
-318 947
-318 945
-320 946
-320 944
-321 946
-321 944
-323 945
-323 943
-324 945
-324 942
-326 944
-326 942
-327 944
-327 941
-329 943
-329 941
-330 943
-330 940
-332 942
-332 940
-333 942
-333 939
-334 941
-335 939
-336 940
-336 938
-337 940
-337 938
-339 939
-339 937
-340 939
-340 937
-342 938
-342 936
-343 938
-343 936
-345 937
-345 935
-346 937
-346 935
-348 936
-348 934
-349 936
-349 934
-351 935
-351 933
-352 935
-352 932
-354 934
-354 932
-355 933
-355 931
-357 933
-357 931
-358 932
-358 930
-359 932
-359 930
-361 931
-361 929
-362 931
-362 928
-364 930
-364 928
-365 929
-365 927
-367 929
-367 927
-368 928
-368 926
-370 928
-370 926
-371 927
-371 925
-373 927
-373 924
-374 926
-374 924
-376 925
-376 923
-377 925
-377 923
-378 924
-378 922
-380 924
-380 922
-381 923
-381 921
-383 922
-383 920
-384 922
-384 920
-386 921
-386 919
-387 921
-387 918
-389 920
-389 918
-390 919
-390 917
-391 919
-391 917
-393 918
-393 916
-394 918
-394 915
-396 917
-396 915
-397 916
-397 914
-399 916
-399 914
-400 915
-400 913
-402 914
-401 912
-403 914
-403 912
-404 913
-404 911
-406 913
-406 910
-407 912
-407 910
-409 911
-409 909
-410 911
-410 908
-412 910
-411 908
-413 909
-413 907
-414 909
-414 907
-416 908
-416 906
-417 907
-417 905
-419 907
-419 905
-420 906
-420 904
-422 905
-421 903
-423 905
-423 903
-424 904
-424 902
-426 903
-426 901
-427 903
-427 901
-429 902
-429 900
-430 901
-430 899
-432 901
-431 899
-433 900
-433 898
-434 899
-434 897
-436 899
-436 897
-437 898
-437 896
-439 897
-438 895
-440 897
-440 894
-441 896
-441 894
-443 895
-443 893
-444 895
-444 892
-446 894
-445 892
-447 893
-447 891
-448 892
-448 890
-450 892
-450 890
-451 891
-451 889
-453 890
-452 888
-454 890
-454 887
-455 889
-455 887
-457 888
-457 886
-458 887
-458 885
-460 887
-459 885
-461 886
-461 884
-462 885
-462 883
-464 885
-464 882
-465 884
-465 882
-467 883
-466 881
-468 882
-468 880
-469 882
-469 880
-471 881
-470 879
-472 880
-472 878
-473 879
-473 877
-475 879
-475 877
-476 878
-476 876
-478 877
-477 875
-479 876
-479 874
-480 876
-480 874
-482 875
-481 873
-483 874
-483 872
-485 873
-484 871
-486 873
-486 871
-487 872
-487 870
-489 871
-488 869
-490 870
-490 868
-491 870
-491 867
-493 869
-492 867
-494 868
-494 866
-495 867
-495 865
-497 866
-497 864
-498 866
-498 864
-500 865
-499 863
-501 864
-501 862
-502 863
-502 861
-504 863
-503 860
-505 862
-505 860
-506 861
-506 859
-508 860
-507 858
-509 859
-509 857
-510 859
-510 856
-512 858
-511 856
-513 857
-513 855
-514 856
-514 854
-516 855
-515 853
-517 855
-517 852
-518 854
-518 852
-520 853
-519 851
-521 852
-521 850
-522 851
-522 849
-524 850
-523 848
-525 850
-525 848
-526 849
-526 847
-528 848
-527 846
-529 847
-529 845
-530 846
-530 844
-532 845
-531 843
-533 845
-533 843
-534 844
-534 842
-536 843
-535 841
-537 842
-537 840
-538 841
-538 839
-540 840
-539 838
-541 840
-541 837
-542 839
-542 837
-544 838
-543 836
-545 837
-545 835
-546 836
-546 834
-548 835
-547 833
-549 834
-549 832
-550 834
-550 832
-552 833
-551 831
-553 832
-552 830
-554 831
-554 829
-556 830
-555 828
-557 829
-556 827
-558 828
-558 826
-559 828
-559 825
-561 827
-560 825
-562 826
-562 824
-563 825
-563 823
-565 824
-564 822
-566 823
-565 821
-567 822
-567 820
-568 821
-568 819
-570 820
-569 818
-571 820
-571 817
-572 819
-572 817
-574 818
-573 816
-575 817
-574 815
-576 816
-576 814
-577 815
-577 813
-579 814
-578 812
-580 813
-580 811
-581 812
-581 810
-583 811
-582 809
-584 810
-583 808
-585 810
-585 807
-586 809
-586 807
-588 808
-587 806
-589 807
-588 805
-590 806
-590 804
-591 805
-591 803
-593 804
-592 802
-594 803
-593 801
-595 802
-595 800
-597 801
-596 799
-598 800
-597 798
-599 799
-598 797
-600 798
-600 796
-602 797
-601 795
-603 796
-602 794
-604 796
-603 793
-605 795
-605 793
-607 794
-606 792
-608 793
-607 791
-609 792
-608 790
-610 791
-610 789
-612 790
-611 788
-613 789
-612 787
-614 788
-613 786
-615 787
-615 785
-617 786
-616 784
-618 785
-617 783
-619 784
-618 782
-620 783
-620 781
-621 782
-621 780
-623 781
-622 779
-624 780
-623 778
-625 779
-624 777
-626 778
-626 776
-628 777
-627 775
-629 776
-628 774
-630 775
-629 773
-631 774
-631 772
-632 773
-632 771
-634 772
-633 770
-635 771
-634 769
-636 770
-635 768
-637 769
-637 767
-638 768
-638 766
-640 767
-639 765
-641 766
-640 764
-642 765
-641 763
-643 764
-643 762
-645 763
-644 761
-646 762
-645 760
-647 761
-646 759
-648 760
-647 758
-649 759
-649 757
-650 758
-650 756
-652 757
-651 755
-653 756
-652 754
-654 755
-653 753
-655 754
-655 752
-656 753
-656 751
-658 752
-657 750
-659 751
-658 749
-660 750
-659 748
-661 749
-660 747
-662 748
-662 746
-664 747
-663 745
-665 746
-664 744
-666 745
-665 743
-667 744
-666 742
-668 743
-667 741
-669 742
-669 740
-671 741
-670 738
-672 739
-671 737
-673 738
-672 736
-674 737
-673 735
-675 736
-674 734
-676 735
-676 733
-677 734
-677 732
-679 733
-678 731
-680 732
-679 730
-681 731
-680 729
-682 730
-681 728
-683 729
-682 727
-684 728
-684 726
-686 727
-685 725
-687 726
-686 724
-688 725
-687 723
-689 723
-688 721
-690 722
-689 720
-691 721
-690 719
-692 720
-692 718
-693 719
-693 717
-695 718
-694 716
-696 717
-695 715
-697 716
-696 714
-698 715
-697 713
-699 714
-698 712
-700 713
-699 711
-701 711
-700 709
-702 710
-702 708
-704 709
-703 707
-705 708
-704 706
-706 707
-705 705
-707 706
-706 704
-708 705
-707 703
-709 704
-708 702
-710 703
-709 701
-711 701
-710 699
-712 700
-712 698
-714 699
-713 697
-715 698
-714 696
-716 697
-715 695
-717 696
-716 694
-718 695
-717 693
-719 694
-718 692
-720 692
-719 691
-721 691
-720 689
-722 690
-721 688
-723 689
-722 687
-724 688
-724 686
-726 687
-725 685
-727 686
-726 684
-728 685
-727 683
-729 683
-728 681
-730 682
-729 680
-731 681
-730 679
-732 680
-731 678
-733 679
-732 677
-734 678
-733 676
-735 676
-734 675
-736 675
-735 673
-737 674
-736 672
-738 673
-737 671
-739 672
-738 670
-740 671
-739 669
-742 670
-741 668
-743 668
-742 666
-744 667
-743 665
-745 666
-744 664
-746 665
-745 663
-747 664
-746 662
-748 663
-747 661
-749 661
-748 659
-750 660
-749 658
-751 659
-750 657
-752 658
-751 656
-753 657
-752 655
-754 655
-753 654
-755 654
-754 652
-756 653
-755 651
-757 652
-756 650
-758 651
-757 649
-759 649
-758 648
-760 648
-759 646
-761 647
-760 645
-762 646
-761 644
-763 645
-762 643
-764 644
-763 642
-765 642
-764 640
-766 641
-765 639
-767 640
-766 638
-768 639
-767 637
-769 637
-768 636
-770 636
-769 634
-771 635
-770 633
-772 634
-771 632
-773 633
-772 631
-774 631
-773 630
-775 630
-774 628
-776 629
-775 627
-777 628
-776 626
-778 627
-777 625
-779 625
-778 623
-780 624
-779 622
-781 623
-780 621
-782 622
-781 620
-783 620
-782 619
-784 619
-783 617
-785 618
-784 616
-786 617
-785 615
-787 616
-786 614
-788 614
-787 612
-789 613
-788 611
-790 612
-789 610
-791 611
-790 609
-792 609
-791 607
-793 608
-792 606
-794 607
-793 605
-795 606
-794 604
-796 604
-794 602
-797 603
-795 601
-797 602
-796 600
-798 601
-797 599
-799 599
-798 597
-800 598
-799 596
-801 597
-800 595
-802 596
-801 594
-803 594
-802 592
-804 593
-803 591
-805 592
-804 590
-806 590
-805 589
-807 589
-806 587
-808 588
-807 586
-809 587
-808 585
-810 585
-808 584
-811 584
-809 582
-811 583
-810 581
-812 582
-811 580
-813 580
-812 579
-814 579
-813 577
-815 578
-814 576
-816 576
-815 575
-817 575
-816 573
-818 574
-817 572
-819 573
-818 571
-820 571
-818 570
-821 570
-819 568
-821 569
-820 567
-822 567
-821 566
-823 566
-822 564
-824 565
-823 563
-825 564
-824 562
-826 562
-825 561
-827 561
-826 559
-828 560
-826 558
-829 558
-827 557
-829 557
-828 555
-830 556
-829 554
-831 555
-830 553
-832 553
-831 551
-833 552
-832 550
-834 551
-833 549
-835 549
-833 548
-835 548
-834 546
-836 547
-835 545
-837 545
-836 544
-838 544
-837 542
-839 543
-838 541
-840 541
-838 540
-841 540
-839 538
-841 539
-840 537
-842 537
-841 536
-843 536
-842 534
-844 535
-843 533
-845 533
-844 532
-846 532
-844 530
-846 531
-845 529
-847 529
-846 528
-848 528
-847 526
-849 527
-848 525
-850 525
-849 524
-851 524
-849 522
-851 523
-850 521
-852 521
-851 520
-853 520
-852 518
-854 519
-853 517
-855 517
-853 516
-856 516
-854 514
-856 515
-855 513
-857 513
-856 512
-858 512
-857 510
-859 511
-857 509
-860 509
-858 508
-860 508
-859 506
-861 507
-860 505
-862 505
-861 504
-863 504
-861 502
-864 503
-862 501
-864 501
-863 500
-865 500
-864 498
-866 499
-865 497
-867 497
-865 496
-867 496
-866 494
-868 494
-867 493
-869 493
-868 491
-870 492
-868 490
-871 490
-869 489
-871 489
-870 487
-872 488
-871 486
-873 486
-872 485
-874 485
-872 483
-874 484
-873 482
-875 482
-874 480
-876 481
-875 479
-877 479
-875 478
-877 478
-876 476
-878 477
-877 475
-879 475
-878 474
-880 474
-878 472
-880 472
-879 471
-881 471
-880 469
-882 470
-881 468
-883 468
-881 467
-883 467
-882 465
-884 466
-883 464
-885 464
-883 463
-886 463
-884 461
-886 461
-885 460
-887 460
-886 458
-888 459
-886 457
-888 457
-887 456
-889 456
-888 454
-890 454
-888 453
-891 453
-889 451
-891 452
-890 450
-892 450
-891 449
-893 449
-891 447
-893 447
-892 446
-894 446
-893 444
-895 445
-893 443
-896 443
-894 442
-896 442
-895 440
-897 440
-895 439
-898 439
-896 437
-898 438
-897 436
-899 436
-898 435
-900 435
-898 433
-900 433
-899 432
-901 432
-900 430
-902 431
-900 429
-902 429
-901 428
-903 428
-902 426
-904 426
-902 425
-904 425
-903 423
-905 423
-904 422
-906 422
-904 420
-906 421
-905 419
-907 419
-906 418
-908 418
-906 416
-908 416
-907 415
-909 415
-908 413
-910 413
-908 412
-910 412
-909 410
-911 411
-909 409
-912 409
-910 408
-912 408
-911 406
-913 406
-911 405
-914 405
-912 403
-914 403
-913 402
-915 402
-913 400
-915 401
-914 399
-916 399
-915 398
-917 398
-915 396
-917 396
-916 395
-918 395
-916 393
-919 393
-917 392
-919 392
-918 390
-920 390
-918 389
-920 389
-919 388
-921 388
-919 386
-922 386
-920 385
-922 385
-921 383
-923 383
-921 382
-923 382
-922 380
-924 380
-923 379
-925 379
-923 377
-925 377
-924 376
-926 376
-924 375
-926 375
-925 373
-927 373
-925 372
-928 372
-926 370
-928 370
-927 369
-929 369
-927 367
-929 367
-928 366
-930 366
-928 364
-930 364
-929 363
-931 363
-929 361
-932 361
-930 360
-932 360
-931 358
-933 358
-931 357
-933 357
-932 356
-934 356
-932 354
-934 354
-933 353
-935 353
-933 351
-936 351
-934 350
-936 350
-935 348
-937 348
-935 347
-937 347
-936 345
-938 345
-936 344
-938 344
-937 342
-939 342
-937 341
-939 341
-938 339
-940 339
-938 338
-940 338
-939 336
-941 336
-939 335
-941 335
-940 334
-942 333
-940 332
-943 332
-941 331
-943 331
-941 329
-944 329
-942 328
-944 328
-942 326
-945 326
-943 325
-945 325
-943 323
-946 323
-944 322
-946 322
-945 320
-947 320
-945 319
-947 319
-946 317
-948 317
-946 316
-948 316
-947 314
-949 314
-947 313
-949 313
-947 311
-950 311
-948 310
-950 310
-948 308
-951 308
-949 307
-951 307
-949 305
-952 305
-950 304
-952 304
-950 302
-953 302
-951 301
-953 301
-951 299
-953 299
-952 298
-954 298
-952 296
-954 296
-953 295
-955 295
-953 293
-955 293
-954 292
-956 292
-954 290
-956 290
-955 289
-957 289
-955 287
-957 287
-955 286
-958 286
-956 284
-958 284
-956 283
-959 283
-957 281
-959 281
-957 280
-959 280
-958 278
-960 278
-958 277
-960 277
-959 275
-961 275
-959 274
-961 274
-959 272
-962 272
-960 271
-962 271
-960 269
-962 269
-961 268
-963 268
-961 266
-963 266
-962 265
-964 265
-962 263
-964 263
-962 262
-965 262
-963 260
-965 260
-963 259
-965 259
-964 257
-966 257
-964 256
-966 256
-964 254
-967 254
-965 253
-967 252
-965 251
-967 251
-966 250
-968 249
-966 248
-968 248
-966 247
-969 246
-967 245
-969 245
-967 244
-969 243
-968 242
-970 242
-968 241
-970 240
-968 239
-970 239
-969 238
-971 237
-969 236
-971 236
-969 235
-972 234
-970 233
-972 233
-970 231
-972 231
-970 230
-973 230
-971 228
-973 228
-971 227
-973 227
-972 225
-974 225
-972 224
-974 224
-972 222
-974 222
-973 221
-975 220
-973 219
-975 219
-973 218
-975 217
-974 216
-976 216
-974 215
-976 214
-974 213
-976 213
-975 212
-977 211
-975 210
-977 210
-975 209
-977 208
-976 207
-978 207
-976 206
-978 205
-976 204
-978 204
-977 202
-979 202
-977 201
-979 201
-977 199
-979 199
-978 198
-980 197
-978 196
-980 196
-978 195
-980 194
-978 193
-981 193
-979 192
-981 191
-979 190
-981 190
-979 189
-982 188
-980 187
-982 187
-980 186
-982 185
-980 184
-982 184
-981 182
-983 182
-981 181
-983 181
-981 179
-983 179
-981 178
-984 177
-982 176
-984 176
-982 175
-984 174
-982 173
-984 173
-983 172
-985 171
-983 170
-985 170
-983 169
-985 168
-983 167
-985 167
-984 166
-986 165
-984 164
-986 164
-984 162
-986 162
-984 161
-986 160
-985 159
-987 159
-985 158
-987 157
-985 156
-987 156
-985 155
-987 154
-986 153
-988 153
-986 152
-988 151
-986 150
-988 150
-986 149
-988 148
-987 147
-989 146
-987 145
-989 145
-987 144
-989 143
-987 142
-989 142
-987 141
-990 140
-988 139
-990 139
-988 138
-990 137
-988 136
-990 136
-988 135
-990 134
-989 133
-991 132
-989 131
-991 131
-989 130
-991 129
-989 128
-991 128
-989 127
-991 126
-990 125
-992 125
-990 124
-992 123
-990 122
-992 122
-990 121
-992 120
-990 119
-992 118
-990 117
-993 117
-991 116
-993 115
-991 114
-993 114
-991 113
-993 112
-991 111
-993 111
-991 110
-993 109
-992 108
-994 108
-992 107
-994 106
-992 105
-994 104
-992 103
-994 103
-992 102
-994 101
-992 100
-994 100
-993 99
-995 98
-993 97
-995 97
-993 96
-995 95
-993 94
-995 94
-993 93
-995 92
-993 91
-995 90
-993 89
-995 89
-994 88
-996 87
-994 86
-996 86
-994 85
-996 84
-994 83
-996 83
-994 82
-996 81
-994 80
-996 79
-994 79
-996 78
-994 77
-997 76
-995 75
-997 75
-995 74
-997 73
-995 72
-997 72
-995 71
-997 70
-995 69
-997 68
-995 68
-997 67
-995 66
-997 65
-995 64
-997 64
-995 63
-998 62
-996 61
-998 61
-996 60
-998 59
-996 58
-998 58
-996 57
-998 56
-996 55
-998 54
-996 54
-998 53
-996 52
-998 51
-996 50
-998 50
-996 49
-998 48
-996 47
-998 47
-996 46
-998 45
-997 44
-999 43
-997 43
-999 42
-997 41
-999 40
-997 39
-999 39
-997 38
-999 37
-997 36
-999 36
-997 35
-999 34
-997 33
-999 32
-997 32
-999 31
-997 30
-999 29
-997 28
-999 28
-997 27
-999 26
-997 25
-999 25
-997 24
-999 23
-997 22
-999 21
-997 21
-999 20
-997 19
-999 18
-997 18
-999 17
-997 16
-999 15
-997 14
-999 14
-997 13
-999 12
-997 11
-999 10
-997 10
-999 9
-997 8
-999 7
-997 7
-999 6
-997 5
-999 4
-997 3
-999 3
-997 2
-999 1
-997 0
-999 0
-997 -1
-999 -2
-997 -3
-999 -4
-997 -4
-999 -5
-997 -6
-999 -7
-997 -8
-999 -8
-997 -9
-999 -10
-997 -11
-999 -11
-997 -12
-999 -13
-997 -14
-999 -15
-997 -15
-999 -16
-997 -17
-999 -18
-997 -19
-999 -19
-997 -20
-999 -21
-997 -22
-999 -22
-997 -23
-999 -24
-997 -25
-999 -26
-997 -26
-999 -27
-997 -28
-999 -29
-997 -29
-999 -30
-997 -31
-999 -32
-997 -33
-999 -33
-997 -34
-999 -35
-997 -36
-999 -37
-997 -37
-999 -38
-997 -39
-999 -40
-997 -40
-999 -41
-997 -42
-999 -43
-997 -44
-999 -44
-997 -45
-998 -46
-996 -47
-998 -48
-996 -48
-998 -49
-996 -50
-998 -51
-996 -51
-998 -52
-996 -53
-998 -54
-996 -55
-998 -55
-996 -56
-998 -57
-996 -58
-998 -59
-996 -59
-998 -60
-996 -61
-998 -62
-996 -62
-998 -63
-995 -64
-997 -65
-995 -65
-997 -66
-995 -67
-997 -68
-995 -69
-997 -69
-995 -70
-997 -71
-995 -72
-997 -73
-995 -73
-997 -74
-995 -75
-997 -76
-995 -76
-997 -77
-994 -78
-996 -79
-994 -80
-996 -80
-994 -81
-996 -82
-994 -83
-996 -84
-994 -84
-996 -85
-994 -86
-996 -87
-994 -87
-996 -88
-994 -89
-995 -90
-993 -90
-995 -91
-993 -92
-995 -93
-993 -94
-995 -95
-993 -95
-995 -96
-993 -97
-995 -98
-993 -98
-995 -99
-993 -100
-994 -101
-992 -101
-994 -102
-992 -103
-994 -104
-992 -104
-994 -105
-992 -106
-994 -107
-992 -108
-994 -109
-992 -109
-993 -110
-991 -111
-993 -112
-991 -112
-993 -113
-991 -114
-993 -115
-991 -115
-993 -116
-991 -117
-993 -118
-990 -118
-992 -119
-990 -120
-992 -121
-990 -122
-992 -123
-990 -123
-992 -124
-990 -125
-992 -126
-990 -126
-991 -127
-989 -128
-991 -129
-989 -129
-991 -130
-989 -131
-991 -132
-989 -132
-991 -133
-989 -134
-990 -135
-988 -136
-990 -137
-988 -137
-990 -138
-988 -139
-990 -140
-988 -140
-990 -141
-987 -142
-989 -143
-987 -143
-989 -144
-987 -145
-989 -146
-987 -146
-989 -147
-987 -148
-988 -149
-986 -150
-988 -151
-986 -151
-988 -152
-986 -153
-988 -154
-986 -154
-987 -155
-985 -156
-987 -157
-985 -157
-987 -158
-985 -159
-987 -160
-985 -160
-986 -161
-984 -162
-986 -163
-984 -163
-986 -165
-984 -165
-986 -166
-984 -167
-985 -168
-983 -168
-985 -169
-983 -170
-985 -171
-983 -171
-985 -172
-983 -173
-984 -174
-982 -174
-984 -175
-982 -176
-984 -177
-982 -177
-984 -178
-981 -179
-983 -180
-981 -180
-983 -182
-981 -182
-983 -183
-981 -183
-982 -185
-980 -185
-982 -186
-980 -187
-982 -188
-980 -188
-982 -189
-979 -190
-981 -191
-979 -191
-981 -192
-979 -193
-981 -194
-978 -194
-980 -195
-978 -196
-980 -197
-978 -197
-980 -198
-978 -199
-979 -200
-977 -200
-979 -202
-977 -202
-979 -203
-977 -203
-978 -205
-976 -205
-978 -206
-976 -207
-978 -208
-976 -208
-977 -209
-975 -210
-977 -211
-975 -211
-977 -212
-975 -213
-976 -214
-974 -214
-976 -215
-974 -216
-976 -217
-974 -217
-975 -218
-973 -219
-975 -220
-973 -220
-975 -221
-973 -222
-974 -223
-972 -223
-974 -225
-972 -225
-974 -226
-972 -226
-973 -228
-971 -228
-973 -229
-971 -229
-973 -231
-970 -231
-972 -232
-970 -232
-972 -234
-970 -234
-972 -235
-969 -236
-971 -237
-969 -237
-971 -238
-969 -239
-970 -240
-968 -240
-970 -241
-968 -242
-970 -243
-968 -243
-969 -244
-967 -245
-969 -246
-967 -246
-969 -247
-966 -248
-968 -249
-966 -249
-968 -250
-966 -251
-967 -252
-965 -252
-967 -253
-965 -254
-967 -255
-964 -255
-966 -257
-964 -257
-966 -258
-964 -258
-965 -260
-963 -260
-965 -261
-963 -261
-965 -263
-962 -263
-964 -264
-962 -264
-964 -266
-962 -266
-963 -267
-961 -267
-963 -269
-961 -269
-962 -270
-960 -270
-962 -272
-960 -272
-962 -273
-959 -273
-961 -275
-959 -275
-961 -276
-959 -276
-960 -278
-958 -278
-960 -279
-958 -279
-959 -281
-957 -281
-959 -282
-957 -282
-959 -284
-956 -284
-958 -285
-956 -285
-958 -287
-955 -287
-957 -288
-955 -288
-957 -290
-955 -290
-956 -291
-954 -291
-956 -293
-954 -293
-955 -294
-953 -294
-955 -296
-953 -296
-954 -297
-952 -297
-954 -299
-952 -299
-953 -300
-951 -300
-953 -302
-951 -302
-953 -303
-950 -303
-952 -305
-950 -305
-952 -306
-949 -306
-951 -308
-949 -308
-951 -309
-948 -309
-950 -311
-948 -311
-950 -312
-947 -312
-949 -314
-947 -314
-949 -315
-947 -315
-948 -317
-946 -317
-948 -318
-946 -318
-947 -320
-945 -320
-947 -321
-945 -321
-946 -323
-944 -323
-946 -324
-943 -324
-945 -326
-943 -326
-945 -327
-942 -327
-944 -329
-942 -329
-944 -330
-941 -330
-943 -332
-941 -332
-943 -333
-940 -333
-942 -334
-940 -335
-941 -336
-939 -336
-941 -337
-939 -337
-940 -339
-938 -339
-940 -340
-938 -340
-939 -342
-937 -342
-939 -343
-937 -343
-938 -345
-936 -345
-938 -346
-936 -346
-937 -348
-935 -348
-937 -349
-935 -349
-936 -351
-934 -351
-936 -352
-933 -352
-935 -354
-933 -354
-934 -355
-932 -355
-934 -357
-932 -357
-933 -358
-931 -358
-933 -359
-931 -359
-932 -361
-930 -361
-932 -362
-929 -362
-931 -364
-929 -364
-930 -365
-928 -365
-930 -367
-928 -367
-929 -368
-927 -368
-929 -370
-927 -370
-928 -371
-926 -371
-928 -373
-925 -373
-927 -374
-925 -374
-926 -376
-924 -376
-926 -377
-924 -377
-925 -378
-923 -378
-925 -380
-923 -380
-924 -381
-922 -381
-923 -383
-921 -383
-923 -384
-921 -384
-922 -386
-920 -386
-922 -387
-919 -387
-921 -389
-919 -389
-920 -390
-918 -390
-920 -391
-918 -391
-919 -393
-917 -393
-919 -394
-916 -394
-918 -396
-916 -396
-917 -397
-915 -397
-917 -399
-915 -399
-916 -400
-914 -400
-915 -402
-913 -401
-915 -403
-913 -403
-914 -404
-912 -404
-914 -406
-911 -406
-913 -407
-911 -407
-912 -409
-910 -409
-912 -410
-909 -410
-911 -412
-909 -411
-910 -413
-908 -413
-910 -414
-908 -414
-909 -416
-907 -416
-908 -417
-906 -417
-908 -419
-906 -419
-907 -420
-905 -420
-906 -422
-904 -421
-906 -423
-904 -423
-905 -424
-903 -424
-904 -426
-902 -426
-904 -427
-902 -427
-903 -429
-901 -429
-902 -430
-900 -430
-902 -432
-900 -431
-901 -433
-899 -433
-900 -434
-898 -434
-900 -436
-898 -436
-899 -437
-897 -437
-898 -439
-896 -438
-898 -440
-895 -440
-897 -441
-895 -441
-896 -443
-894 -443
-896 -444
-893 -444
-895 -446
-893 -445
-894 -447
-892 -447
-893 -448
-891 -448
-893 -450
-891 -450
-892 -451
-890 -451
-891 -453
-889 -452
-891 -454
-888 -454
-890 -455
-888 -455
-889 -457
-887 -457
-888 -458
-886 -458
-888 -460
-886 -459
-887 -461
-885 -461
-886 -462
-884 -462
-886 -464
-883 -464
-885 -465
-883 -465
-884 -467
-882 -466
-883 -468
-881 -468
-883 -469
-881 -469
-882 -471
-880 -470
-881 -472
-879 -472
-880 -473
-878 -473
-880 -475
-878 -475
-879 -476
-877 -476
-878 -478
-876 -477
-877 -479
-875 -479
-877 -480
-875 -480
-876 -482
-874 -481
-875 -483
-873 -483
-874 -485
-872 -484
-874 -486
-872 -486
-873 -487
-871 -487
-872 -489
-870 -488
-871 -490
-869 -490
-871 -491
-868 -491
-870 -493
-868 -492
-869 -494
-867 -494
-868 -495
-866 -495
-867 -497
-865 -497
-867 -498
-865 -498
-866 -500
-864 -499
-865 -501
-863 -501
-864 -502
-862 -502
-864 -504
-861 -503
-863 -505
-861 -505
-862 -506
-860 -506
-861 -508
-859 -507
-860 -509
-858 -509
-860 -510
-857 -510
-859 -512
-857 -511
-858 -513
-856 -513
-857 -514
-855 -514
-856 -516
-854 -515
-856 -517
-853 -517
-855 -518
-853 -518
-854 -520
-852 -519
-853 -521
-851 -521
-852 -522
-850 -522
-851 -524
-849 -523
-851 -525
-849 -525
-850 -526
-848 -526
-849 -528
-847 -527
-848 -529
-846 -529
-847 -530
-845 -530
-846 -532
-844 -531
-846 -533
-844 -533
-845 -534
-843 -534
-844 -536
-842 -535
-843 -537
-841 -537
-842 -538
-840 -538
-841 -540
-839 -539
-841 -541
-838 -541
-840 -542
-838 -542
-839 -544
-837 -543
-838 -545
-836 -545
-837 -546
-835 -546
-836 -548
-834 -547
-835 -549
-833 -549
-835 -550
-833 -550
-834 -552
-832 -551
-833 -553
-831 -552
-832 -554
-830 -554
-831 -556
-829 -555
-830 -557
-828 -556
-829 -558
-827 -558
-829 -559
-826 -559
-828 -561
-826 -560
-827 -562
-825 -562
-826 -563
-824 -563
-825 -565
-823 -564
-824 -566
-822 -565
-823 -567
-821 -567
-822 -568
-820 -568
-821 -570
-819 -569
-821 -571
-818 -571
-820 -572
-818 -572
-819 -574
-817 -573
-818 -575
-816 -574
-817 -576
-815 -576
-816 -577
-814 -577
-815 -579
-813 -578
-814 -580
-812 -580
-813 -581
-811 -581
-812 -583
-810 -582
-811 -584
-809 -583
-811 -585
-808 -585
-810 -586
-808 -586
-809 -588
-807 -587
-808 -589
-806 -588
-807 -590
-805 -590
-806 -591
-804 -591
-805 -593
-803 -592
-804 -594
-802 -593
-803 -595
-801 -595
-802 -597
-800 -596
-801 -598
-799 -597
-800 -599
-798 -598
-799 -600
-797 -600
-798 -602
-796 -601
-797 -603
-795 -602
-797 -604
-794 -603
-796 -605
-794 -605
-795 -607
-793 -606
-794 -608
-792 -607
-793 -609
-791 -608
-792 -610
-790 -610
-791 -612
-789 -611
-790 -613
-788 -612
-789 -614
-787 -613
-788 -615
-786 -615
-787 -617
-785 -616
-786 -618
-784 -617
-785 -619
-783 -618
-784 -620
-782 -620
-783 -621
-781 -621
-782 -623
-780 -622
-781 -624
-779 -623
-780 -625
-778 -624
-779 -626
-777 -626
-778 -628
-776 -627
-777 -629
-775 -628
-776 -630
-774 -629
-775 -631
-773 -631
-774 -632
-772 -632
-773 -634
-771 -633
-772 -635
-770 -634
-771 -636
-769 -635
-770 -637
-768 -637
-769 -638
-767 -638
-768 -640
-766 -639
-767 -641
-765 -640
-766 -642
-764 -641
-765 -643
-763 -643
-764 -645
-762 -644
-763 -646
-761 -645
-762 -647
-760 -646
-761 -648
-759 -647
-760 -649
-758 -649
-759 -650
-757 -650
-758 -652
-756 -651
-757 -653
-755 -652
-756 -654
-754 -653
-755 -655
-753 -655
-754 -656
-752 -656
-753 -658
-751 -657
-752 -659
-750 -658
-751 -660
-749 -659
-750 -661
-748 -660
-749 -662
-747 -662
-748 -664
-746 -663
-747 -665
-745 -664
-746 -666
-744 -665
-745 -667
-743 -666
-744 -668
-742 -667
-743 -669
-741 -669
-742 -671
-739 -670
-740 -672
-738 -671
-739 -673
-737 -672
-738 -674
-736 -673
-737 -675
-735 -674
-736 -676
-734 -676
-735 -677
-733 -677
-734 -679
-732 -678
-733 -680
-731 -679
-732 -681
-730 -680
-731 -682
-729 -681
-730 -683
-728 -682
-729 -684
-727 -684
-728 -686
-726 -685
-727 -687
-725 -686
-726 -688
-724 -687
-724 -689
-722 -688
-723 -690
-721 -689
-722 -691
-720 -690
-721 -692
-719 -692
-720 -693
-718 -693
-719 -695
-717 -694
-718 -696
-716 -695
-717 -697
-715 -696
-716 -698
-714 -697
-715 -699
-713 -698
-714 -700
-712 -699
-712 -701
-710 -700
-711 -702
-709 -702
-710 -704
-708 -703
-709 -705
-707 -704
-708 -706
-706 -705
-707 -707
-705 -706
-706 -708
-704 -707
-705 -709
-703 -708
-704 -710
-702 -709
-702 -711
-700 -710
-701 -712
-699 -712
-700 -714
-698 -713
-699 -715
-697 -714
-698 -716
-696 -715
-697 -717
-695 -716
-696 -718
-694 -717
-695 -719
-693 -718
-693 -720
-692 -719
-692 -721
-690 -720
-691 -722
-689 -721
-690 -723
-688 -722
-689 -724
-687 -724
-688 -726
-686 -725
-687 -727
-685 -726
-686 -728
-684 -727
-684 -729
-682 -728
-683 -730
-681 -729
-682 -731
-680 -730
-681 -732
-679 -731
-680 -733
-678 -732
-679 -734
-677 -733
-677 -735
-676 -734
-676 -736
-674 -735
-675 -737
-673 -736
-674 -738
-672 -737
-673 -739
-671 -738
-672 -740
-670 -739
-671 -742
-669 -741
-669 -743
-667 -742
-668 -744
-666 -743
-667 -745
-665 -744
-666 -746
-664 -745
-665 -747
-663 -746
-664 -748
-662 -747
-662 -749
-660 -748
-661 -750
-659 -749
-660 -751
-658 -750
-659 -752
-657 -751
-658 -753
-656 -752
-656 -754
-655 -753
-655 -755
-653 -754
-654 -756
-652 -755
-653 -757
-651 -756
-652 -758
-650 -757
-650 -759
-649 -758
-649 -760
-647 -759
-648 -761
-646 -760
-647 -762
-645 -761
-646 -763
-644 -762
-645 -764
-643 -763
-643 -765
-641 -764
-642 -766
-640 -765
-641 -767
-639 -766
-640 -768
-638 -767
-638 -769
-637 -768
-637 -770
-635 -769
-636 -771
-634 -770
-635 -772
-633 -771
-634 -773
-632 -772
-632 -774
-631 -773
-631 -775
-629 -774
-630 -776
-628 -775
-629 -777
-627 -776
-628 -778
-626 -777
-626 -779
-624 -778
-625 -780
-623 -779
-624 -781
-622 -780
-623 -782
-621 -781
-621 -783
-620 -782
-620 -784
-618 -783
-619 -785
-617 -784
-618 -786
-616 -785
-617 -787
-615 -786
-615 -788
-613 -787
-614 -789
-612 -788
-613 -790
-611 -789
-612 -791
-610 -790
-610 -792
-608 -791
-609 -793
-607 -792
-608 -794
-606 -793
-607 -795
-605 -794
-605 -796
-603 -794
-604 -797
-602 -795
-603 -797
-601 -796
-602 -798
-600 -797
-600 -799
-598 -798
-599 -800
-597 -799
-598 -801
-596 -800
-597 -802
-595 -801
-595 -803
-593 -802
-594 -804
-592 -803
-593 -805
-591 -804
-591 -806
-590 -805
-590 -807
-588 -806
-589 -808
-587 -807
-588 -809
-586 -808
-586 -810
-585 -808
-585 -811
-583 -809
-584 -811
-582 -810
-583 -812
-581 -811
-581 -813
-580 -812
-580 -814
-578 -813
-579 -815
-577 -814
-577 -816
-576 -815
-576 -817
-574 -816
-575 -818
-573 -817
-574 -819
-572 -818
-572 -820
-571 -818
-571 -821
-569 -819
-570 -821
-568 -820
-568 -822
-567 -821
-567 -823
-565 -822
-566 -824
-564 -823
-565 -825
-563 -824
-563 -826
-562 -825
-562 -827
-560 -826
-561 -828
-559 -826
-559 -829
-558 -827
-558 -829
-556 -828
-557 -830
-555 -829
-556 -831
-554 -830
-554 -832
-552 -831
-553 -833
-551 -832
-552 -834
-550 -833
-550 -835
-549 -833
-549 -835
-547 -834
-548 -836
-546 -835
-546 -837
-545 -836
-545 -838
-543 -837
-544 -839
-542 -838
-542 -840
-541 -838
-541 -841
-539 -839
-540 -841
-538 -840
-538 -842
-537 -841
-537 -843
-535 -842
-536 -844
-534 -843
-534 -845
-533 -844
-533 -846
-531 -844
-532 -846
-530 -845
-530 -847
-529 -846
-529 -848
-527 -847
-528 -849
-526 -848
-526 -850
-525 -849
-525 -851
-523 -849
-524 -851
-522 -850
-522 -852
-521 -851
-521 -853
-519 -852
-520 -854
-518 -853
-518 -855
-517 -853
-517 -856
-515 -854
-516 -856
-514 -855
-514 -857
-513 -856
-513 -858
-511 -857
-512 -859
-510 -857
-510 -860
-509 -858
-509 -860
-507 -859
-508 -861
-506 -860
-506 -862
-505 -861
-505 -863
-503 -861
-504 -864
-502 -862
-502 -864
-501 -863
-501 -865
-499 -864
-500 -866
-498 -865
-498 -867
-497 -865
-497 -867
-495 -866
-495 -868
-494 -867
-494 -869
-492 -868
-493 -870
-491 -868
-491 -871
-490 -869
-490 -871
-488 -870
-489 -872
-487 -871
-487 -873
-486 -872
-486 -874
-484 -872
-485 -874
-483 -873
-483 -875
-481 -874
-482 -876
-480 -875
-480 -877
-479 -875
-479 -877
-477 -876
-478 -878
-476 -877
-476 -879
-475 -878
-475 -880
-473 -878
-473 -880
-472 -879
-472 -881
-470 -880
-471 -882
-469 -881
-469 -883
-468 -881
-468 -883
-466 -882
-467 -884
-465 -883
-465 -885
-464 -883
-464 -886
-462 -884
-462 -886
-461 -885
-461 -887
-459 -886
-460 -888
-458 -886
-458 -888
-457 -887
-457 -889
-455 -888
-455 -890
-454 -888
-454 -891
-452 -889
-453 -891
-451 -890
-451 -892
-450 -891
-450 -893
-448 -891
-448 -893
-447 -892
-447 -894
-445 -893
-446 -895
-444 -893
-444 -896
-443 -894
-443 -896
-441 -895
-441 -897
-440 -895
-440 -898
-438 -896
-439 -898
-437 -897
-437 -899
-436 -898
-436 -900
-434 -898
-434 -900
-433 -899
-433 -901
-431 -900
-432 -902
-430 -900
-430 -902
-429 -901
-429 -903
-427 -902
-427 -904
-426 -902
-426 -904
-424 -903
-424 -905
-423 -904
-423 -906
-421 -904
-422 -906
-420 -905
-420 -907
-419 -906
-419 -908
-417 -906
-417 -908
-416 -907
-416 -909
-414 -908
-414 -910
-413 -908
-413 -910
-411 -909
-412 -911
-410 -909
-410 -912
-409 -910
-409 -912
-407 -911
-407 -913
-406 -911
-406 -914
-404 -912
-404 -914
-403 -913
-403 -915
-401 -913
-402 -915
-400 -914
-400 -916
-399 -915
-399 -917
-397 -915
-397 -917
-396 -916
-396 -918
-394 -916
-394 -919
-393 -917
-393 -919
-391 -918
-391 -920
-390 -918
-390 -920
-389 -919
-389 -921
-387 -919
-387 -922
-386 -920
-386 -922
-384 -921
-384 -923
-383 -921
-383 -923
-381 -922
-381 -924
-380 -923
-380 -925
-378 -923
-378 -925
-377 -924
-377 -926
-376 -924
-376 -926
-374 -925
-374 -927
-373 -925
-373 -928
-371 -926
-371 -928
-370 -927
-370 -929
-368 -927
-368 -929
-367 -928
-367 -930
-365 -928
-365 -930
-364 -929
-364 -931
-362 -929
-362 -932
-361 -930
-361 -932
-359 -931
-359 -933
-358 -931
-358 -933
-357 -932
-357 -934
-355 -932
-355 -934
-354 -933
-354 -935
-352 -933
-352 -936
-351 -934
-351 -936
-349 -935
-349 -937
-348 -935
-348 -937
-346 -936
-346 -938
-345 -936
-345 -938
-343 -937
-343 -939
-342 -937
-342 -939
-340 -938
-340 -940
-339 -938
-339 -940
-337 -939
-337 -941
-336 -939
-336 -941
-335 -940
-334 -942
-333 -940
-333 -943
-332 -941
-332 -943
-330 -941
-330 -944
-329 -942
-329 -944
-327 -942
-327 -945
-326 -943
-326 -945
-324 -943
-324 -946
-323 -944
-323 -946
-321 -945
-321 -947
-320 -945
-320 -947
-318 -946
-318 -948
-317 -946
-317 -948
-315 -947
-315 -949
-314 -947
-314 -949
-312 -947
-312 -950
-311 -948
-311 -950
-309 -948
-309 -951
-308 -949
-308 -951
-306 -949
-306 -952
-305 -950
-305 -952
-303 -950
-303 -953
-302 -951
-302 -953
-300 -951
-300 -953
-299 -952
-299 -954
-297 -952
-297 -954
-296 -953
-296 -955
-294 -953
-294 -955
-293 -954
-293 -956
-291 -954
-291 -956
-290 -955
-290 -957
-288 -955
-288 -957
-287 -955
-287 -958
-285 -956
-285 -958
-284 -956
-284 -959
-282 -957
-282 -959
-281 -957
-281 -959
-279 -958
-279 -960
-278 -958
-278 -960
-276 -959
-276 -961
-275 -959
-275 -961
-273 -959
-273 -962
-272 -960
-272 -962
-270 -960
-270 -962
-269 -961
-269 -963
-267 -961
-267 -963
-266 -962
-266 -964
-264 -962
-264 -964
-263 -962
-263 -965
-261 -963
-261 -965
-260 -963
-260 -965
-258 -964
-258 -966
-257 -964
-257 -966
-255 -964
-255 -967
-254 -965
-253 -967
-252 -965
-252 -967
-251 -966
-250 -968
-249 -966
-249 -968
-248 -966
-247 -969
-246 -967
-246 -969
-245 -967
-244 -969
-243 -968
-243 -970
-242 -968
-241 -970
-240 -968
-240 -970
-239 -969
-238 -971
-237 -969
-237 -971
-236 -969
-235 -972
-234 -970
-234 -972
-232 -970
-232 -972
-231 -970
-231 -973
-229 -971
-229 -973
-228 -971
-228 -973
-226 -972
-226 -974
-225 -972
-225 -974
-223 -972
-223 -974
-222 -973
-221 -975
-220 -973
-220 -975
-219 -973
-218 -975
-217 -974
-217 -976
-216 -974
-215 -976
-214 -974
-214 -976
-213 -975
-212 -977
-211 -975
-211 -977
-210 -975
-209 -977
-208 -976
-208 -978
-207 -976
-206 -978
-205 -976
-205 -978
-203 -977
-203 -979
-202 -977
-202 -979
-200 -977
-200 -979
-199 -978
-198 -980
-197 -978
-197 -980
-196 -978
-195 -980
-194 -978
-194 -981
-193 -979
-192 -981
-191 -979
-191 -981
-190 -979
-189 -982
-188 -980
-188 -982
-187 -980
-186 -982
-185 -980
-185 -982
-183 -981
-183 -983
-182 -981
-182 -983
-180 -981
-180 -983
-179 -981
-178 -984
-177 -982
-177 -984
-176 -982
-175 -984
-174 -982
-174 -984
-173 -983
-172 -985
-171 -983
-171 -985
-170 -983
-169 -985
-168 -983
-168 -985
-167 -984
-166 -986
-165 -984
-165 -986
-163 -984
-163 -986
-162 -984
-161 -986
-160 -985
-160 -987
-159 -985
-158 -987
-157 -985
-157 -987
-156 -985
-155 -987
-154 -986
-154 -988
-153 -986
-152 -988
-151 -986
-151 -988
-150 -986
-149 -988
-148 -987
-147 -989
-146 -987
-146 -989
-145 -987
-144 -989
-143 -987
-143 -989
-142 -987
-141 -990
-140 -988
-140 -990
-139 -988
-138 -990
-137 -988
-137 -990
-136 -988
-135 -990
-134 -989
-133 -991
-132 -989
-132 -991
-131 -989
-130 -991
-129 -989
-129 -991
-128 -989
-127 -991
-126 -990
-126 -992
-125 -990
-124 -992
-123 -990
-123 -992
-122 -990
-121 -992
-120 -990
-119 -992
-118 -990
-118 -993
-117 -991
-116 -993
-115 -991
-115 -993
-114 -991
-113 -993
-112 -991
-112 -993
-111 -991
-110 -993
-109 -992
-109 -994
-108 -992
-107 -994
-106 -992
-105 -994
-104 -992
-104 -994
-103 -992
-102 -994
-101 -992
-101 -994
-100 -993
-99 -995
-98 -993
-98 -995
-97 -993
-96 -995
-95 -993
-95 -995
-94 -993
-93 -995
-92 -993
-91 -995
-90 -993
-90 -995
-89 -994
-88 -996
-87 -994
-87 -996
-86 -994
-85 -996
-84 -994
-84 -996
-83 -994
-82 -996
-81 -994
-80 -996
-80 -994
-79 -996
-78 -994
-77 -997
-76 -995
-76 -997
-75 -995
-74 -997
-73 -995
-73 -997
-72 -995
-71 -997
-70 -995
-69 -997
-69 -995
-68 -997
-67 -995
-66 -997
-65 -995
-65 -997
-64 -995
-63 -998
-62 -996
-62 -998
-61 -996
-60 -998
-59 -996
-59 -998
-58 -996
-57 -998
-56 -996
-55 -998
-55 -996
-54 -998
-53 -996
-52 -998
-51 -996
-51 -998
-50 -996
-49 -998
-48 -996
-48 -998
-47 -996
-46 -998
-45 -997
-44 -999
-44 -997
-43 -999
-42 -997
-41 -999
-40 -997
-40 -999
-39 -997
-38 -999
-37 -997
-37 -999
-36 -997
-35 -999
-34 -997
-33 -999
-33 -997
-32 -999
-31 -997
-30 -999
-29 -997
-29 -999
-28 -997
-27 -999
-26 -997
-26 -999
-25 -997
-24 -999
-23 -997
-22 -999
-22 -997
-21 -999
-20 -997
-19 -999
-19 -997
-18 -999
-17 -997
-16 -999
-15 -997
-15 -999
-14 -997
-13 -999
-12 -997
-11 -999
-11 -997
-10 -999
-9 -997
-8 -999
-8 -997
-7 -999
-6 -997
-5 -999
-4 -997
-4 -999
-3 -997
-2 -999
-1 -997
-1 -999
0 -997
1 -999
2 -997
3 -999
3 -997
4 -999
5 -997
6 -999
7 -997
7 -999
8 -997
9 -999
10 -997
10 -999
11 -997
12 -999
13 -997
14 -999
14 -997
15 -999
16 -997
17 -999
18 -997
18 -999
19 -997
20 -999
21 -997
21 -999
22 -997
23 -999
24 -997
25 -999
25 -997
26 -999
27 -997
28 -999
28 -997
29 -999
30 -997
31 -999
32 -997
32 -999
33 -997
34 -999
35 -997
36 -999
36 -997
37 -999
38 -997
39 -999
39 -997
40 -999
41 -997
42 -999
43 -997
43 -999
44 -997
45 -998
46 -996
47 -998
47 -996
48 -998
49 -996
50 -998
50 -996
51 -998
52 -996
53 -998
54 -996
54 -998
55 -996
56 -998
57 -996
58 -998
58 -996
59 -998
60 -996
61 -998
61 -996
62 -998
63 -995
64 -997
64 -995
65 -997
66 -995
67 -997
68 -995
68 -997
69 -995
70 -997
71 -995
72 -997
72 -995
73 -997
74 -995
75 -997
75 -995
76 -997
77 -994
78 -996
79 -994
79 -996
80 -994
81 -996
82 -994
83 -996
83 -994
84 -996
85 -994
86 -996
86 -994
87 -996
88 -994
89 -995
89 -993
90 -995
91 -993
92 -995
93 -993
94 -995
94 -993
95 -995
96 -993
97 -995
97 -993
98 -995
99 -993
100 -994
100 -992
101 -994
102 -992
103 -994
103 -992
104 -994
105 -992
106 -994
107 -992
108 -994
108 -992
109 -993
110 -991
111 -993
111 -991
112 -993
113 -991
114 -993
114 -991
115 -993
116 -991
117 -993
117 -990
118 -992
119 -990
120 -992
121 -990
122 -992
122 -990
123 -992
124 -990
125 -992
125 -990
126 -991
127 -989
128 -991
128 -989
129 -991
130 -989
131 -991
131 -989
132 -991
133 -989
134 -990
135 -988
136 -990
136 -988
137 -990
138 -988
139 -990
139 -988
140 -990
141 -987
142 -989
142 -987
143 -989
144 -987
145 -989
145 -987
146 -989
147 -987
148 -988
149 -986
150 -988
150 -986
151 -988
152 -986
153 -988
153 -986
154 -987
155 -985
156 -987
156 -985
157 -987
158 -985
159 -987
159 -985
160 -986
161 -984
162 -986
162 -984
164 -986
164 -984
165 -986
166 -984
167 -985
167 -983
168 -985
169 -983
170 -985
170 -983
171 -985
172 -983
173 -984
173 -982
174 -984
175 -982
176 -984
176 -982
177 -984
178 -981
179 -983
179 -981
181 -983
181 -981
182 -983
182 -981
184 -982
184 -980
185 -982
186 -980
187 -982
187 -980
188 -982
189 -979
190 -981
190 -979
191 -981
192 -979
193 -981
193 -978
194 -980
195 -978
196 -980
196 -978
197 -980
198 -978
199 -979
199 -977
201 -979
201 -977
202 -979
202 -977
204 -978
204 -976
205 -978
206 -976
207 -978
207 -976
208 -977
209 -975
210 -977
210 -975
211 -977
212 -975
213 -976
213 -974
214 -976
215 -974
216 -976
216 -974
217 -975
218 -973
219 -975
219 -973
220 -975
221 -973
222 -974
222 -972
224 -974
224 -972
225 -974
225 -972
227 -973
227 -971
228 -973
228 -971
230 -973
230 -970
231 -972
231 -970
233 -972
233 -970
234 -972
235 -969
236 -971
236 -969
237 -971
238 -969
239 -970
239 -968
240 -970
241 -968
242 -970
242 -968
243 -969
244 -967
245 -969
245 -967
246 -969
247 -966
248 -968
248 -966
249 -968
250 -966
251 -967
251 -965
252 -967
253 -965
254 -967
254 -964
256 -966
256 -964
257 -966
257 -964
259 -965
259 -963
260 -965
260 -963
262 -965
262 -962
263 -964
263 -962
265 -964
265 -962
266 -963
266 -961
268 -963
268 -961
269 -962
269 -960
271 -962
271 -960
272 -962
272 -959
274 -961
274 -959
275 -961
275 -959
277 -960
277 -958
278 -960
278 -958
280 -959
280 -957
281 -959
281 -957
283 -959
283 -956
284 -958
284 -956
286 -958
286 -955
287 -957
287 -955
289 -957
289 -955
290 -956
290 -954
292 -956
292 -954
293 -955
293 -953
295 -955
295 -953
296 -954
296 -952
298 -954
298 -952
299 -953
299 -951
301 -953
301 -951
302 -953
302 -950
304 -952
304 -950
305 -952
305 -949
307 -951
307 -949
308 -951
308 -948
310 -950
310 -948
311 -950
311 -947
313 -949
313 -947
314 -949
314 -947
316 -948
316 -946
317 -948
317 -946
319 -947
319 -945
320 -947
320 -945
322 -946
322 -944
323 -946
323 -943
325 -945
325 -943
326 -945
326 -942
328 -944
328 -942
329 -944
329 -941
331 -943
331 -941
332 -943
332 -940
333 -942
334 -940
335 -941
335 -939
336 -941
336 -939
338 -940
338 -938
339 -940
339 -938
341 -939
341 -937
342 -939
342 -937
344 -938
344 -936
345 -938
345 -936
347 -937
347 -935
348 -937
348 -935
350 -936
350 -934
351 -936
351 -933
353 -935
353 -933
354 -934
354 -932
356 -934
356 -932
357 -933
357 -931
358 -933
358 -931
360 -932
360 -930
361 -932
361 -929
363 -931
363 -929
364 -930
364 -928
366 -930
366 -928
367 -929
367 -927
369 -929
369 -927
370 -928
370 -926
372 -928
372 -925
373 -927
373 -925
375 -926
375 -924
376 -926
376 -924
377 -925
377 -923
379 -925
379 -923
380 -924
380 -922
382 -923
382 -921
383 -923
383 -921
385 -922
385 -920
386 -922
386 -919
388 -921
388 -919
389 -920
389 -918
390 -920
390 -918
392 -919
392 -917
393 -919
393 -916
395 -918
395 -916
396 -917
396 -915
398 -917
398 -915
399 -916
399 -914
401 -915
400 -913
402 -915
402 -913
403 -914
403 -912
405 -914
405 -911
406 -913
406 -911
408 -912
408 -910
409 -912
409 -909
411 -911
410 -909
412 -910
412 -908
413 -910
413 -908
415 -909
415 -907
416 -908
416 -906
418 -908
418 -906
419 -907
419 -905
421 -906
420 -904
422 -906
422 -904
423 -905
423 -903
425 -904
425 -902
426 -904
426 -902
428 -903
428 -901
429 -902
429 -900
431 -902
430 -900
432 -901
432 -899
433 -900
433 -898
435 -900
435 -898
436 -899
436 -897
438 -898
437 -896
439 -898
439 -895
440 -897
440 -895
442 -896
442 -894
443 -896
443 -893
445 -895
444 -893
446 -894
446 -892
447 -893
447 -891
449 -893
449 -891
450 -892
450 -890
452 -891
451 -889
453 -891
453 -888
454 -890
454 -888
456 -889
456 -887
457 -888
457 -886
459 -888
458 -886
460 -887
460 -885
461 -886
461 -884
463 -886
463 -883
464 -885
464 -883
466 -884
465 -882
467 -883
467 -881
468 -883
468 -881
470 -882
469 -880
471 -881
471 -879
472 -880
472 -878
474 -880
474 -878
475 -879
475 -877
477 -878
476 -876
478 -877
478 -875
479 -877
479 -875
481 -876
480 -874
482 -875
482 -873
484 -874
483 -872
485 -874
485 -872
486 -873
486 -871
488 -872
487 -870
489 -871
489 -869
490 -871
490 -868
492 -870
491 -868
493 -869
493 -867
494 -868
494 -866
496 -867
496 -865
497 -867
497 -865
499 -866
498 -864
500 -865
500 -863
501 -864
501 -862
503 -864
502 -861
504 -863
504 -861
505 -862
505 -860
507 -861
506 -859
508 -860
508 -858
509 -860
509 -857
511 -859
510 -857
512 -858
512 -856
513 -857
513 -855
515 -856
514 -854
516 -856
516 -853
517 -855
517 -853
519 -854
518 -852
520 -853
520 -851
521 -852
521 -850
523 -851
522 -849
524 -851
524 -849
525 -850
525 -848
527 -849
526 -847
528 -848
528 -846
529 -847
529 -845
531 -846
530 -844
532 -846
532 -844
533 -845
533 -843
535 -844
534 -842
536 -843
536 -841
537 -842
537 -840
539 -841
538 -839
540 -841
540 -838
541 -840
541 -838
543 -839
542 -837
544 -838
544 -836
545 -837
545 -835
547 -836
546 -834
548 -835
548 -833
549 -835
549 -833
551 -834
550 -832
552 -833
551 -831
553 -832
553 -830
555 -831
554 -829
556 -830
555 -828
557 -829
557 -827
558 -829
558 -826
560 -828
559 -826
561 -827
561 -825
562 -826
562 -824
564 -825
563 -823
565 -824
564 -822
566 -823
566 -821
567 -822
567 -820
569 -821
568 -819
570 -821
570 -818
571 -820
571 -818
573 -819
572 -817
574 -818
573 -816
575 -817
575 -815
576 -816
576 -814
578 -815
577 -813
579 -814
579 -812
580 -813
580 -811
582 -812
581 -810
583 -811
582 -809
584 -811
584 -808
585 -810
585 -808
587 -809
586 -807
588 -808
587 -806
589 -807
589 -805
590 -806
590 -804
592 -805
591 -803
593 -804
592 -802
594 -803
594 -801
596 -802
595 -800
597 -801
596 -799
598 -800
597 -798
599 -799
599 -797
601 -798
600 -796
602 -797
601 -795
603 -797
602 -794
604 -796
604 -794
606 -795
605 -793
607 -794
606 -792
608 -793
607 -791
609 -792
609 -790
611 -791
610 -789
612 -790
611 -788
613 -789
612 -787
614 -788
614 -786
616 -787
615 -785
617 -786
616 -784
618 -785
617 -783
619 -784
619 -782
620 -783
620 -781
622 -782
621 -780
623 -781
622 -779
624 -780
623 -778
625 -779
625 -777
627 -778
626 -776
628 -777
627 -775
629 -776
628 -774
630 -775
630 -773
631 -774
631 -772
633 -773
632 -771
634 -772
633 -770
635 -771
634 -769
636 -770
636 -768
637 -769
637 -767
639 -768
638 -766
640 -767
639 -765
641 -766
640 -764
642 -765
642 -763
644 -764
643 -762
645 -763
644 -761
646 -762
645 -760
647 -761
646 -759
648 -760
648 -758
649 -759
649 -757
651 -758
650 -756
652 -757
651 -755
653 -756
652 -754
654 -755
654 -753
655 -754
655 -752
657 -753
656 -751
658 -752
657 -750
659 -751
658 -749
660 -750
659 -748
661 -749
661 -747
663 -748
662 -746
664 -747
663 -745
665 -746
664 -744
666 -745
665 -743
667 -744
666 -742
668 -743
668 -741
670 -742
669 -739
671 -740
670 -738
672 -739
671 -737
673 -738
672 -736
674 -737
673 -735
675 -736
675 -734
676 -735
676 -733
678 -734
677 -732
679 -733
678 -731
680 -732
679 -730
681 -731
680 -729
682 -730
681 -728
683 -729
683 -727
685 -728
684 -726
686 -727
685 -725
687 -726
686 -724
688 -724
687 -722
689 -723
688 -721
690 -722
689 -720
691 -721
691 -719
692 -720
692 -718
694 -719
693 -717
695 -718
694 -716
696 -717
695 -715
697 -716
696 -714
698 -715
697 -713
699 -714
698 -712
700 -712
699 -710
701 -711
701 -709
703 -710
702 -708
704 -709
703 -707
705 -708
704 -706
706 -707
705 -705
707 -706
706 -704
708 -705
707 -703
709 -704
708 -702
710 -702
709 -700
711 -701
711 -699
713 -700
712 -698
714 -699
713 -697
715 -698
714 -696
716 -697
715 -695
717 -696
716 -694
718 -695
717 -693
719 -693
718 -692
720 -692
719 -690
721 -691
720 -689
722 -690
721 -688
723 -689
723 -687
725 -688
724 -686
726 -687
725 -685
727 -686
726 -684
728 -684
727 -682
729 -683
728 -681
730 -682
729 -680
731 -681
730 -679
732 -680
731 -678
733 -679
732 -677
734 -677
733 -676
735 -676
734 -674
736 -675
735 -673
737 -674
736 -672
738 -673
737 -671
739 -672
738 -670
741 -671
740 -669
742 -669
741 -667
743 -668
742 -666
744 -667
743 -665
745 -666
744 -664
746 -665
745 -663
747 -664
746 -662
748 -662
747 -660
749 -661
748 -659
750 -660
749 -658
751 -659
750 -657
752 -658
751 -656
753 -656
752 -655
754 -655
753 -653
755 -654
754 -652
756 -653
755 -651
757 -652
756 -650
758 -650
757 -649
759 -649
758 -647
760 -648
759 -646
761 -647
760 -645
762 -646
761 -644
763 -645
762 -643
764 -643
763 -641
765 -642
764 -640
766 -641
765 -639
767 -640
766 -638
768 -638
767 -637
769 -637
768 -635
770 -636
769 -634
771 -635
770 -633
772 -634
771 -632
773 -632
772 -631
774 -631
773 -629
775 -630
774 -628
776 -629
775 -627
777 -628
776 -626
778 -626
777 -624
779 -625
778 -623
780 -624
779 -622
781 -623
780 -621
782 -621
781 -620
783 -620
782 -618
784 -619
783 -617
785 -618
784 -616
786 -617
785 -615
787 -615
786 -613
788 -614
787 -612
789 -613
788 -611
790 -612
789 -610
791 -610
790 -608
792 -609
791 -607
793 -608
792 -606
794 -607
793 -605
795 -605
793 -603
796 -604
794 -602
796 -603
795 -601
797 -602
796 -600
798 -600
797 -598
799 -599
798 -597
800 -598
799 -596
801 -597
800 -595
802 -595
801 -593
803 -594
802 -592
804 -593
803 -591
805 -591
804 -590
806 -590
805 -588
807 -589
806 -587
808 -588
807 -586
809 -586
807 -585
810 -585
808 -583
810 -584
809 -582
811 -583
810 -581
812 -581
811 -580
813 -580
812 -578
814 -579
813 -577
815 -577
814 -576
816 -576
815 -574
817 -575
816 -573
818 -574
817 -572
819 -572
817 -571
820 -571
818 -569
820 -570
819 -568
821 -568
820 -567
822 -567
821 -565
823 -566
822 -564
824 -565
823 -563
825 -563
824 -562
826 -562
825 -560
827 -561
825 -559
828 -559
826 -558
828 -558
827 -556
829 -557
828 -555
830 -556
829 -554
831 -554
830 -552
832 -553
831 -551
833 -552
832 -550
834 -550
832 -549
834 -549
833 -547
835 -548
834 -546
836 -546
835 -545
837 -545
836 -543
838 -544
837 -542
839 -542
837 -541
840 -541
838 -539
840 -540
839 -538
841 -538
840 -537
842 -537
841 -535
843 -536
842 -534
844 -534
843 -533
845 -533
843 -531
845 -532
844 -530
846 -530
845 -529
847 -529
846 -527
848 -528
847 -526
849 -526
848 -525
850 -525
848 -523
850 -524
849 -522
851 -522
850 -521
852 -521
851 -519
853 -520
852 -518
854 -518
852 -517
855 -517
853 -515
855 -516
854 -514
856 -514
855 -513
857 -513
856 -511
858 -512
856 -510
859 -510
857 -509
859 -509
858 -507
860 -508
859 -506
861 -506
860 -505
862 -505
860 -503
863 -504
861 -502
863 -502
862 -501
864 -501
863 -499
865 -500
864 -498
866 -498
864 -497
866 -497
865 -495
867 -495
866 -494
868 -494
867 -492
869 -493
867 -491
870 -491
868 -490
870 -490
869 -488
871 -489
870 -487
872 -487
871 -486
873 -486
871 -484
873 -485
872 -483
874 -483
873 -481
875 -482
874 -480
876 -480
874 -479
876 -479
875 -477
877 -478
876 -476
878 -476
877 -475
879 -475
877 -473
879 -473
878 -472
880 -472
879 -470
881 -471
880 -469
882 -469
880 -468
882 -468
881 -466
883 -467
882 -465
884 -465
882 -464
885 -464
883 -462
885 -462
884 -461
886 -461
885 -459
887 -460
885 -458
887 -458
886 -457
888 -457
887 -455
889 -455
887 -454
890 -454
888 -452
890 -453
889 -451
891 -451
890 -450
892 -450
890 -448
892 -448
891 -447
893 -447
892 -445
894 -446
892 -444
895 -444
893 -443
895 -443
894 -441
896 -441
894 -440
897 -440
895 -438
897 -439
896 -437
898 -437
897 -436
899 -436
897 -434
899 -434
898 -433
900 -433
899 -431
901 -432
899 -430
901 -430
900 -429
902 -429
901 -427
903 -427
901 -426
903 -426
902 -424
904 -424
903 -423
905 -423
903 -421
905 -422
904 -420
906 -420
905 -419
907 -419
905 -417
907 -417
906 -416
908 -416
907 -414
909 -414
907 -413
909 -413
908 -411
910 -412
908 -410
911 -410
909 -409
911 -409
910 -407
912 -407
910 -406
913 -406
911 -404
913 -404
912 -403
914 -403
912 -401
914 -402
913 -400
915 -400
914 -399
916 -399
914 -397
916 -397
915 -396
917 -396
915 -394
918 -394
916 -393
918 -393
917 -391
919 -391
917 -390
919 -390
918 -389
920 -389
918 -387
921 -387
919 -386
921 -386
920 -384
922 -384
920 -383
922 -383
921 -381
923 -381
922 -380
924 -380
922 -378
924 -378
923 -377
925 -377
923 -376
925 -376
924 -374
926 -374
924 -373
927 -373
925 -371
927 -371
926 -370
928 -370
926 -368
928 -368
927 -367
929 -367
927 -365
929 -365
928 -364
930 -364
928 -362
931 -362
929 -361
931 -361
930 -359
932 -359
930 -358
932 -358
931 -357
933 -357
931 -355
933 -355
932 -354
934 -354
932 -352
935 -352
933 -351
935 -351
934 -349
936 -349
934 -348
936 -348
935 -346
937 -346
935 -345
937 -345
936 -343
938 -343
936 -342
938 -342
937 -340
939 -340
937 -339
939 -339
938 -337
940 -337
938 -336
940 -336
939 -335
941 -334
939 -333
942 -333
940 -332
942 -332
940 -330
943 -330
941 -329
943 -329
941 -327
944 -327
942 -326
944 -326
942 -324
945 -324
943 -323
945 -323
944 -321
946 -321
944 -320
946 -320
945 -318
947 -318
945 -317
947 -317
946 -315
948 -315
946 -314
948 -314
946 -312
949 -312
947 -311
949 -311
947 -309
950 -309
948 -308
950 -308
948 -306
951 -306
949 -305
951 -305
949 -303
952 -303
950 -302
952 -302
950 -300
952 -300
951 -299
953 -299
951 -297
953 -297
952 -296
954 -296
952 -294
954 -294
953 -293
955 -293
953 -291
955 -291
954 -290
956 -290
954 -288
956 -288
954 -287
957 -287
955 -285
957 -285
955 -284
958 -284
956 -282
958 -282
956 -281
958 -281
957 -279
959 -279
957 -278
959 -278
958 -276
960 -276
958 -275
960 -275
958 -273
961 -273
959 -272
961 -272
959 -270
961 -270
960 -269
962 -269
960 -267
962 -267
961 -266
963 -266
961 -264
963 -264
961 -263
964 -263
962 -261
964 -261
962 -260
964 -260
963 -258
965 -258
963 -257
965 -257
963 -255
966 -255
964 -254
966 -253
964 -252
966 -252
965 -251
967 -250
965 -249
967 -249
965 -248
968 -247
966 -246
968 -246
966 -245
968 -244
967 -243
969 -243
967 -242
969 -241
967 -240
969 -240
968 -239
970 -238
968 -237
970 -237
968 -236
971 -235
969 -234
971 -234
969 -232
971 -232
969 -231
972 -231
970 -229
972 -229
970 -228
972 -228
971 -226
973 -226
971 -225
973 -225
971 -223
973 -223
972 -222
974 -221
972 -220
974 -220
972 -219
974 -218
973 -217
975 -217
973 -216
975 -215
973 -214
975 -214
974 -213
976 -212
974 -211
976 -211
974 -210
976 -209
975 -208
977 -208
975 -207
977 -206
975 -205
977 -205
976 -203
978 -203
976 -202
978 -202
976 -200
978 -200
977 -199
979 -198
977 -197
979 -197
977 -196
979 -195
977 -194
980 -194
978 -193
980 -192
978 -191
980 -191
978 -190
981 -189
979 -188
981 -188
979 -187
981 -186
979 -185
981 -185
980 -183
982 -183
980 -182
982 -182
980 -180
982 -180
980 -179
983 -178
981 -177
983 -177
981 -176
983 -175
981 -174
983 -174
982 -173
984 -172
982 -171
984 -171
982 -170
984 -169
982 -168
984 -168
983 -167
985 -166
983 -165
985 -165
983 -163
985 -163
983 -162
985 -161
984 -160
986 -160
984 -159
986 -158
984 -157
986 -157
984 -156
986 -155
985 -154
987 -154
985 -153
987 -152
985 -151
987 -151
985 -150
987 -149
986 -148
988 -147
986 -146
988 -146
986 -145
988 -144
986 -143
988 -143
986 -142
989 -141
987 -140
989 -140
987 -139
989 -138
987 -137
989 -137
987 -136
989 -135
988 -134
990 -133
988 -132
990 -132
988 -131
990 -130
988 -129
990 -129
988 -128
990 -127
989 -126
991 -126
989 -125
991 -124
989 -123
991 -123
989 -122
991 -121
989 -120
991 -119
989 -118
992 -118
990 -117
992 -116
990 -115
992 -115
990 -114
992 -113
990 -112
992 -112
990 -111
992 -110
991 -109
993 -109
991 -108
993 -107
991 -106
993 -105
991 -104
993 -104
991 -103
993 -102
991 -101
993 -101
992 -100
994 -99
992 -98
994 -98
992 -97
994 -96
992 -95
994 -95
992 -94
994 -93
992 -92
994 -91
992 -90
994 -90
993 -89
995 -88
993 -87
995 -87
993 -86
995 -85
993 -84
995 -84
993 -83
995 -82
993 -81
995 -80
993 -80
995 -79
993 -78
996 -77
994 -76
996 -76
994 -75
996 -74
994 -73
996 -73
994 -72
996 -71
994 -70
996 -69
994 -69
996 -68
994 -67
996 -66
994 -65
996 -65
994 -64
997 -63
995 -62
997 -62
995 -61
997 -60
995 -59
997 -59
995 -58
997 -57
995 -56
997 -55
995 -55
997 -54
995 -53
997 -52
995 -51
997 -51
995 -50
997 -49
995 -48
997 -48
995 -47
997 -46
996 -45
998 -44
996 -44
998 -43
996 -42
998 -41
996 -40
998 -40
996 -39
998 -38
996 -37
998 -37
996 -36
998 -35
996 -34
998 -33
996 -33
998 -32
996 -31
998 -30
996 -29
998 -29
996 -28
998 -27
996 -26
998 -26
996 -25
998 -24
996 -23
998 -22
996 -22
998 -21
996 -20
998 -19
996 -19
998 -18
996 -17
998 -16
996 -15
998 -15
996 -14
998 -13
996 -12
998 -11
996 -11
998 -10
996 -9
998 -8
996 -8
998 -7
996 -6
998 -5
996 -4
998 -4
996 -3
998 -2
996 -1
