500
999 0
996 12
998 25
996 37
997 50
995 62
996 75
993 87
993 100
990 112
991 125
987 137
987 150
983 162
983 174
979 186
978 199
974 211
973 224
968 235
967 248
962 260
961 272
955 284
953 296
948 308
946 320
940 331
937 344
931 355
928 367
922 378
919 390
912 401
909 413
902 424
898 436
891 447
887 459
879 469
875 481
867 491
863 503
854 512
850 524
841 534
836 545
828 555
822 566
813 575
808 587
799 596
793 607
783 616
777 627
768 635
761 646
751 654
745 665
735 673
728 683
718 691
710 701
700 709
692 719
682 726
674 736
664 743
655 753
645 760
636 769
625 776
617 785
606 791
597 800
586 806
576 815
565 821
556 829
544 835
535 843
523 848
513 856
502 861
492 869
480 873
470 881
458 885
447 892
435 896
425 903
413 907
402 914
390 917
379 924
367 926
356 933
343 935
332 942
319 944
308 950
296 951
284 957
272 959
260 964
247 965
236 970
223 971
211 976
199 976
187 981
174 981
162 985
149 985
137 989
124 989
112 992
100 991
87 995
75 994
62 997
50 995
37 998
25 996
12 998
0 997
-13 998
-26 996
-38 998
-51 995
-63 997
-76 994
-88 995
-101 991
-113 992
-125 989
-138 989
-150 985
-163 985
-175 981
-188 981
-200 976
-212 976
-224 971
-237 970
-248 965
-261 964
-273 959
-285 957
-297 951
-309 950
-320 944
-333 942
-344 935
-357 933
-368 926
-380 924
-391 917
-403 914
-414 907
-426 903
-436 896
-448 892
-459 885
-471 881
-481 873
-493 869
-503 861
-514 856
-524 848
-536 843
-545 835
-557 829
-566 821
-577 815
-587 806
-598 800
-607 791
-618 785
-626 776
-637 769
-646 760
-656 753
-665 743
-675 736
-683 726
-693 719
-701 709
-711 701
-719 691
-729 683
-736 673
-746 665
-752 654
-762 646
-769 635
-778 627
-784 616
-794 607
-800 596
-809 587
-814 575
-823 566
-829 555
-837 545
-842 534
-851 524
-855 512
-864 503
-868 491
-876 481
-880 469
-888 459
-892 447
-899 436
-903 424
-910 413
-913 401
-920 390
-923 378
-929 367
-932 355
-938 344
-941 331
-947 320
-949 308
-954 296
-956 284
-962 272
-963 260
-968 248
-969 235
-974 224
-975 211
-979 199
-980 186
-984 174
-984 162
-988 150
-988 137
-992 125
-991 112
-994 100
-994 87
-997 75
-996 62
-998 50
-997 37
-999 25
-997 12
-999 0
-997 -13
-999 -26
-997 -38
-998 -51
-996 -63
-997 -76
-994 -88
-994 -101
-991 -113
-992 -126
-988 -138
-988 -151
-984 -163
-984 -175
-980 -187
-979 -200
-975 -212
-974 -225
-969 -236
-968 -249
-963 -261
-962 -273
-956 -285
-954 -297
-949 -309
-947 -321
-941 -332
-938 -345
-932 -356
-929 -368
-923 -379
-920 -391
-913 -402
-910 -414
-903 -425
-899 -437
-892 -448
-888 -460
-880 -470
-876 -482
-868 -492
-864 -504
-855 -513
-851 -525
-842 -535
-837 -546
-829 -556
-823 -567
-814 -576
-809 -588
-800 -597
-794 -608
-784 -617
-778 -628
-769 -636
-762 -647
-752 -655
-746 -666
-736 -674
-729 -684
-719 -692
-711 -702
-701 -710
-693 -720
-683 -727
-675 -737
-665 -744
-656 -754
-646 -761
-637 -770
-626 -777
-618 -786
-607 -792
-598 -801
-587 -807
-577 -816
-566 -822
-557 -830
-545 -836
-536 -844
-524 -849
-514 -857
-503 -862
-493 -870
-481 -874
-471 -882
-459 -886
-448 -893
-436 -897
-426 -904
-414 -908
-403 -915
-391 -918
-380 -925
-368 -927
-357 -934
-344 -936
-333 -943
-320 -945
-309 -951
-297 -952
-285 -958
-273 -960
-261 -965
-248 -966
-237 -971
-224 -972
-212 -977
-200 -977
-188 -982
-175 -982
-163 -986
-150 -986
-138 -990
-125 -990
-113 -993
-101 -992
-88 -996
-76 -995
-63 -998
-51 -996
-38 -999
-26 -997
-13 -999
-1 -997
12 -999
25 -997
37 -999
50 -996
62 -998
75 -995
87 -996
100 -992
112 -993
124 -990
137 -990
149 -986
162 -986
174 -982
187 -982
199 -977
211 -977
223 -972
236 -971
247 -966
260 -965
272 -960
284 -958
296 -952
308 -951
319 -945
332 -943
343 -936
356 -934
367 -927
379 -925
390 -918
402 -915
413 -908
425 -904
435 -897
447 -893
458 -886
470 -882
480 -874
492 -870
502 -862
513 -857
523 -849
535 -844
544 -836
556 -830
565 -822
576 -816
586 -807
597 -801
606 -792
617 -786
625 -777
636 -770
645 -761
655 -754
664 -744
674 -737
682 -727
692 -720
700 -710
710 -702
718 -692
728 -684
735 -674
745 -666
751 -655
761 -647
768 -636
777 -628
783 -617
793 -608
799 -597
808 -588
813 -576
822 -567
828 -556
836 -546
841 -535
850 -525
854 -513
863 -504
867 -492
875 -482
879 -470
887 -460
891 -448
898 -437
902 -425
909 -414
912 -402
919 -391
922 -379
928 -368
931 -356
937 -345
940 -332
946 -321
948 -309
953 -297
955 -285
961 -273
962 -261
967 -249
968 -236
973 -225
974 -212
978 -200
979 -187
983 -175
983 -163
987 -151
987 -138
991 -126
990 -113
993 -101
993 -88
996 -76
995 -63
997 -51
996 -38
998 -26
996 -13
