100
999 0
995 62
991 125
979 186
967 248
948 308
928 367
902 424
875 481
841 534
808 587
768 635
728 683
682 726
636 769
586 806
535 843
480 873
425 903
367 926
308 950
247 965
187 981
124 989
62 997
-1 997
-63 997
-125 989
-188 981
-248 965
-309 950
-368 926
-426 903
-481 873
-536 843
-587 806
-637 769
-683 726
-729 683
-769 635
-809 587
-842 534
-876 481
-903 424
-929 367
-949 308
-968 248
-980 186
-992 125
-996 62
-999 -1
-996 -63
-992 -126
-980 -187
-968 -249
-949 -309
-929 -368
-903 -425
-876 -482
-842 -535
-809 -588
-769 -636
-729 -684
-683 -727
-637 -770
-587 -807
-536 -844
-481 -874
-426 -904
-368 -927
-309 -951
-248 -966
-188 -982
-125 -990
-63 -998
-1 -997
62 -998
124 -990
187 -982
247 -966
308 -951
367 -927
425 -904
480 -874
535 -844
586 -807
636 -770
682 -727
728 -684
768 -636
808 -588
841 -535
875 -482
902 -425
928 -368
948 -309
967 -249
979 -187
991 -126
995 -63
