556
-999 21
-999 -20
999 21
999 -20
-998 40
-998 -39
998 40
998 -39
-997 58
-997 -57
997 58
997 -57
-996 75
-996 -74
996 75
996 -74
-995 91
-995 -90
995 91
995 -90
-994 106
-994 -105
994 106
994 -105
-993 120
-993 -119
993 120
993 -119
-992 133
-992 -132
992 133
992 -132
-991 145
-991 -144
991 145
991 -144
-990 156
-990 -155
990 156
990 -155
-989 166
-989 -165
989 166
989 -165
-987 185
-987 -184
987 185
987 -184
-986 194
-986 -193
986 194
986 -193
-984 211
-984 -210
984 211
984 -210
-983 219
-983 -218
983 219
983 -218
-981 234
-981 -233
981 234
981 -233
-980 241
-980 -240
980 241
980 -240
-978 254
-978 -253
978 254
978 -253
-977 260
-977 -259
977 260
977 -259
-974 277
-974 -276
974 277
974 -276
-972 288
-972 -287
972 288
972 -287
-969 304
-969 -303
969 304
969 -303
-968 309
-968 -308
968 309
968 -308
-965 323
-965 -322
965 323
965 -322
-963 332
-963 -331
963 332
963 -331
-960 345
-960 -344
960 345
960 -344
-956 362
-956 -361
956 362
956 -361
-955 366
-955 -365
955 366
955 -365
-951 381
-951 -380
951 381
951 -380
-948 392
-948 -391
948 392
948 -391
-946 399
-946 -398
946 399
946 -398
-943 409
-943 -408
943 409
943 -408
-939 422
-939 -421
939 422
939 -421
-934 438
-934 -437
934 438
934 -437
-933 441
-933 -440
933 441
933 -440
-928 455
-928 -454
928 455
928 -454
-924 466
-924 -465
924 466
924 -465
-921 474
-921 -473
921 474
921 -473
-916 487
-916 -486
916 487
916 -486
-914 492
-914 -491
914 492
914 -491
-909 504
-909 -503
909 504
909 -503
-906 511
-906 -510
906 511
906 -510
-902 520
-902 -519
902 520
902 -519
-897 531
-897 -530
897 531
897 -530
-891 544
-891 -543
891 544
891 -543
-890 546
-890 -545
890 546
890 -545
-883 559
-883 -558
883 559
883 -558
-877 570
-877 -569
877 570
877 -569
-872 579
-872 -578
872 579
872 -578
-868 586
-868 -585
868 586
868 -585
-861 598
-861 -597
861 598
861 -597
-858 603
-858 -602
858 603
858 -602
-850 616
-850 -615
850 616
850 -615
-845 624
-845 -623
845 624
845 -623
-838 635
-838 -634
838 635
838 -634
-836 638
-836 -637
836 638
836 -637
-829 648
-829 -647
829 648
829 -647
-824 655
-824 -654
824 655
824 -654
-816 666
-816 -665
816 666
816 -665
-813 670
-813 -669
813 670
813 -669
-806 679
-806 -678
806 679
806 -678
-802 684
-802 -683
802 684
802 -683
-793 695
-793 -694
793 695
793 -694
-788 701
-788 -700
788 701
788 -700
-782 708
-782 -707
782 708
782 -707
-775 716
-775 -715
775 716
775 -715
-767 725
-767 -724
767 725
767 -724
-758 735
-758 -734
758 735
758 -734
-748 746
-748 -745
748 746
748 -745
-747 747
-747 -746
747 747
747 -746
-736 757
-736 -756
736 757
736 -756
-726 766
-726 -765
726 766
726 -765
-717 774
-717 -773
717 774
717 -773
-709 781
-709 -780
709 781
709 -780
-702 787
-702 -786
702 787
702 -786
-696 792
-696 -791
696 792
696 -791
-685 801
-685 -800
685 801
685 -800
-680 805
-680 -804
680 805
680 -804
-671 812
-671 -811
671 812
671 -811
-667 815
-667 -814
667 815
667 -814
-656 823
-656 -822
656 823
656 -822
-649 828
-649 -827
649 828
649 -827
-639 835
-639 -834
639 835
639 -834
-636 837
-636 -836
636 837
636 -836
-625 844
-625 -843
625 844
625 -843
-617 849
-617 -848
617 849
617 -848
-604 857
-604 -856
604 857
604 -856
-599 860
-599 -859
599 860
599 -859
-587 867
-587 -866
587 867
587 -866
-580 871
-580 -870
580 871
580 -870
-571 876
-571 -875
571 876
571 -875
-560 882
-560 -881
560 882
560 -881
-547 889
-547 -888
547 889
547 -888
-545 890
-545 -889
545 890
545 -889
-532 896
-532 -895
532 896
532 -895
-521 901
-521 -900
521 901
521 -900
-512 905
-512 -904
512 905
512 -904
-505 908
-505 -907
505 908
505 -907
-493 913
-493 -912
493 913
493 -912
-488 915
-488 -914
488 915
488 -914
-475 920
-475 -919
475 920
475 -919
-467 923
-467 -922
467 923
467 -922
-456 927
-456 -926
456 927
456 -926
-442 932
-442 -931
442 932
442 -931
-439 933
-439 -932
439 933
439 -932
-423 938
-423 -937
423 938
423 -937
-410 942
-410 -941
410 942
410 -941
-400 945
-400 -944
400 945
400 -944
-393 947
-393 -946
393 947
393 -946
-382 950
-382 -949
382 950
382 -949
-367 954
-367 -953
367 954
367 -953
-363 955
-363 -954
363 955
363 -954
-346 959
-346 -958
346 959
346 -958
-333 962
-333 -961
333 962
333 -961
-324 964
-324 -963
324 964
324 -963
-310 967
-310 -966
310 967
310 -966
-305 968
-305 -967
305 968
305 -967
-289 971
-289 -970
289 971
289 -970
-278 973
-278 -972
278 973
278 -972
-261 976
-261 -975
261 976
261 -975
-255 977
-255 -976
255 977
255 -976
-242 979
-242 -978
242 979
242 -978
-235 980
-235 -979
235 980
235 -979
-220 982
-220 -981
220 982
220 -981
-212 983
-212 -982
212 983
212 -982
-195 985
-195 -984
195 985
195 -984
-186 986
-186 -985
186 986
186 -985
-167 988
-167 -987
167 988
167 -987
-157 989
-157 -988
157 989
157 -988
-146 990
-146 -989
146 990
146 -989
-134 991
-134 -990
134 991
134 -990
-121 992
-121 -991
121 992
121 -991
-107 993
-107 -992
107 993
107 -992
-92 994
-92 -993
92 994
92 -993
-76 995
-76 -994
76 995
76 -994
-59 996
-59 -995
59 996
59 -995
-41 997
-41 -996
41 997
41 -996
-22 998
-22 -997
22 998
22 -997
-2 999
-2 -998
2 999
2 -998
